# Units: length:mm angle:deg time:s strain:% 
# Stage: image-000140
stage;index;relative_time;date
"image-000140";141;140.0000;"2022-09-26T12:07:19.614"
# Name : surface_yx_30/15
id;x;y;z;epsilon_x;epsilon_y;pattern_quality
0;-4.4227;8.2162;0.0000;0.1480;-2.9110;4.2187
1;-4.1797;8.2215;0.0000;0.1335;-2.8146;4.4099
2;-3.9365;8.2263;0.0000;0.1368;-2.8466;4.5433
3;-3.6936;8.2310;0.0000;0.1086;-2.8879;4.5092
4;-3.4507;8.2364;0.0000;0.1379;-2.7263;4.5516
5;-3.2074;8.2419;0.0000;0.1911;-2.6437;4.7297
6;-2.9643;8.2467;0.0000;0.1580;-2.7534;4.3333
7;-2.7212;8.2515;0.0000;0.1458;-2.7914;4.4182
8;-2.4781;8.2565;0.0000;0.1172;-2.7269;5.0136
9;-2.2353;8.2615;0.0000;0.0772;-2.7145;5.3845
10;-2.1562;8.0864;0.0000;0.0437;-2.5508;4.9987
11;-2.1537;7.8496;0.0000;-0.3992;-2.4214;4.7008
12;-2.1504;7.6125;0.0000;-0.1663;-2.4468;4.8745
13;-2.1466;7.3760;0.0000;0.1751;-2.6497;5.0437
14;-2.1434;7.1399;0.0000;0.1289;-2.7518;4.8955
15;-2.1402;6.9040;0.0000;0.0356;-2.6919;4.9427
16;-2.1388;6.6677;0.0000;-0.6310;-2.6229;4.7472
17;-2.1349;6.4315;0.0000;-0.2296;-2.6579;4.9138
18;-2.1308;6.1950;0.0000;0.1854;-2.5649;4.9208
19;-2.1278;5.9584;0.0000;0.1496;-2.5521;4.6977
20;-2.1244;5.7219;0.0000;0.2300;-2.6079;4.4615
21;-2.1209;5.4856;0.0000;0.2680;-2.5995;4.3810
22;-2.1176;5.2492;0.0000;0.2241;-2.6213;4.4383
23;-2.1146;5.0128;0.0000;0.2471;-2.6205;4.3018
24;-2.1113;4.7765;0.0000;0.3626;-2.5825;4.3040
25;-2.1082;4.5400;0.0000;0.2999;-2.5564;4.4475
26;-2.1051;4.3035;0.0000;0.2216;-2.6096;4.6570
27;-2.1020;4.0671;0.0000;0.2292;-2.4410;4.2848
28;-2.0987;3.8300;0.0000;0.1531;-2.3753;4.1741
29;-2.0955;3.5932;0.0000;0.2405;-2.5907;4.1780
30;-2.0924;3.3571;0.0000;0.1743;-2.6567;3.7913
31;-2.0887;3.1206;0.0000;0.2391;-2.5372;4.1745
32;-2.0850;2.8840;0.0000;0.2624;-2.5312;4.4742
33;-2.0812;2.6474;0.0000;0.3119;-2.5651;4.5087
34;-2.0776;2.4111;0.0000;0.3540;-2.7884;4.4024
35;-2.0743;2.1753;0.0000;0.3430;-2.8480;4.8797
36;-2.0710;1.9394;0.0000;0.2955;-2.7297;5.0337
37;-2.0676;1.7031;0.0000;0.2720;-2.6062;5.0486
38;-2.0645;1.4666;0.0000;0.1887;-2.6450;4.9335
39;-2.0612;1.2303;0.0000;0.3504;-2.7170;4.9466
40;-2.0577;0.9944;0.0000;0.2906;-2.9126;4.8780
41;-2.0543;0.7589;0.0000;0.2194;-2.9304;4.9978
42;-2.0511;0.5232;0.0000;0.1812;-2.8185;5.0792
43;-2.0478;0.2873;0.0000;0.1739;-2.7839;5.2699
44;-2.0442;0.0514;0.0000;0.3668;-2.8555;5.6754
45;-2.0407;-0.1845;0.0000;0.3613;-2.8298;5.2664
46;-2.0374;-0.4204;0.0000;0.2597;-2.8860;5.1829
47;-2.0339;-0.6560;0.0000;0.3275;-2.9127;5.3976
48;-2.0306;-0.8917;0.0000;0.3094;-2.8688;5.1505
49;-2.0271;-1.1275;0.0000;0.3393;-2.8393;5.1050
50;-2.0235;-1.3633;0.0000;0.3591;-2.8572;5.0871
51;-2.0198;-1.5991;0.0000;0.3026;-2.7329;5.0499
52;-2.0161;-1.8354;0.0000;0.3424;-2.6884;5.3810
53;-2.0126;-2.0715;0.0000;0.3879;-2.7068;5.1710
54;-2.0095;-2.3077;0.0000;0.2439;-2.6327;5.4335
55;-2.0058;-2.5442;0.0000;0.2397;-2.6307;5.3206
56;-2.0018;-2.7803;0.0000;0.3694;-2.8334;5.0976
57;-1.9984;-3.0160;0.0000;0.3013;-2.7824;4.4396
58;-1.9948;-3.2522;0.0000;0.2796;-2.6915;4.4291
59;-1.9908;-3.4886;0.0000;0.2754;-2.7777;4.8810
60;-1.9871;-3.7242;0.0000;0.2666;-2.9828;4.4488
61;-1.9834;-3.9594;0.0000;0.2474;-3.1696;4.6566
62;-1.9796;-4.1943;0.0000;0.2802;-3.1106;5.0009
63;-1.9759;-4.4296;0.0000;0.3465;-3.0112;4.9694
64;-1.9721;-4.6651;0.0000;0.4223;-3.0117;4.1496
65;-1.9683;-4.9005;0.0000;0.4225;-3.1232;3.7612
66;-1.9646;-5.1357;0.0000;0.4166;-2.9436;4.3027
67;-1.9611;-5.3716;0.0000;0.4981;-2.7020;4.2791
68;-1.9577;-5.6080;0.0000;0.4959;-2.6879;4.5954
69;-1.9545;-5.8441;0.0000;0.4329;-2.7108;4.5844
70;-1.9515;-6.0803;0.0000;0.2390;-2.5440;4.8762
71;-1.9479;-6.3172;0.0000;0.2734;-2.4962;4.7135
72;-1.9442;-6.5537;0.0000;0.2995;-2.7116;3.6929
73;-1.9403;-6.7895;0.0000;0.2872;-2.7391;3.5941
74;-1.9364;-7.0259;0.0000;0.3075;-2.5982;3.7262
75;-1.9330;-7.2622;0.0000;0.2231;-2.5638;3.9584
76;-1.9291;-7.4989;0.0000;0.1855;-2.5388;4.0941
77;-1.9252;-7.7355;0.0000;0.1058;-2.6060;4.0936
78;-1.9214;-7.9717;0.0000;0.1241;-2.6275;4.1689
79;-1.9179;-8.2082;0.0000;0.0756;-2.5249;4.5188
80;-1.9147;-8.4449;0.0000;0.1619;-2.6063;4.5210
81;-1.9117;-8.6810;0.0000;0.1849;-2.7109;4.3836
82;-1.9085;-8.9171;0.0000;0.1767;-2.6583;4.3880
83;-1.9053;-9.1535;0.0000;0.1695;-2.6682;4.5262
84;-1.9022;-9.3898;0.0000;0.1648;-2.7148;4.5127
85;-1.8985;-9.6259;0.0000;0.3248;-2.7529;4.5643
86;-1.8949;-9.8620;0.0000;0.3909;-2.7880;4.4103
87;-1.8915;-10.0979;0.0000;0.2241;-2.7332;5.0118
88;-1.8880;-10.3341;0.0000;0.1592;-2.4869;4.6216
89;-1.8847;-10.5711;0.0000;0.1186;-2.3600;4.6111
90;-1.8813;-10.8080;0.0000;0.1507;-2.4507;4.1334
91;-1.8778;-11.0449;0.0000;0.2197;-2.4275;4.0083
92;-1.8742;-11.2817;0.0000;0.1812;-2.3965;4.3841
93;-1.8707;-11.5184;0.0000;0.1324;-2.5204;4.5879
94;-1.8671;-11.7550;0.0000;0.1095;-2.4719;4.8451
95;-1.8635;-11.9919;0.0000;0.1152;-2.4423;4.8141
96;-1.8600;-12.2286;0.0000;0.0930;-2.4577;4.3591
97;-1.8564;-12.4656;0.0000;0.1421;-2.4035;4.1142
98;-1.8528;-12.7024;0.0000;0.2155;-2.4624;4.5814
99;-1.8490;-12.9391;0.0000;0.1871;-2.4426;5.0096
100;-1.8856;-13.1554;0.0000;0.1771;-2.4436;4.9571
101;-2.1151;-13.1962;0.0000;0.2098;-2.5009;4.7892
102;-2.3585;-13.1932;0.0000;0.2248;-2.3030;4.7108
103;-2.6018;-13.1897;0.0000;0.2169;-2.3379;4.3753
104;-2.8449;-13.1866;0.0000;0.1062;-2.2953;4.3705
105;-3.0879;-13.1837;0.0000;0.0991;-2.1801;4.4668
106;-3.3310;-13.1805;0.0000;0.1765;-2.1662;4.3504
107;-3.5740;-13.1771;0.0000;0.0539;-2.1914;4.2034
108;-3.8168;-13.1741;0.0000;0.0604;-2.1476;3.9716
109;-4.0597;-13.1709;0.0000;0.1547;-2.2359;4.1404
110;-4.2977;-13.1386;0.0000;0.1552;-2.3076;4.5731
111;-4.3475;-12.9342;0.0000;0.0536;-2.3473;4.6238
112;-4.3503;-12.6973;0.0000;0.2011;-2.5016;4.2340
113;-4.3528;-12.4609;0.0000;0.1699;-2.5915;4.5595
114;-4.3557;-12.2243;0.0000;0.3139;-2.5426;4.4913
115;-4.3582;-11.9877;0.0000;0.2914;-2.5711;4.1343
116;-4.3609;-11.7512;0.0000;0.3586;-2.6175;4.0779
117;-4.3633;-11.5149;0.0000;0.2804;-2.6259;4.3762
118;-4.3655;-11.2787;0.0000;0.2556;-2.6190;4.6719
119;-4.3681;-11.0422;0.0000;0.3145;-2.5452;4.8303
120;-4.3708;-10.8054;0.0000;0.4321;-2.4932;4.9348
121;-4.3732;-10.5685;0.0000;0.4210;-2.5005;4.9440
122;-4.3758;-10.3322;0.0000;0.6231;-2.6008;5.2165
123;-4.3784;-10.0957;0.0000;0.7827;-2.5645;5.1505
124;-4.3805;-9.8591;0.0000;0.6751;-2.5889;4.8167
125;-4.3828;-9.6227;0.0000;0.7149;-2.7367;4.4759
126;-4.3851;-9.3868;0.0000;0.7563;-2.8304;4.5232
127;-4.3873;-9.1509;0.0000;0.7848;-2.6943;4.7415
128;-4.3892;-8.9146;0.0000;0.6544;-2.6571;4.8386
129;-4.3910;-8.6782;0.0000;0.4836;-2.7231;4.3889
130;-4.3930;-8.4426;0.0000;0.5346;-2.8737;4.4733
131;-4.3950;-8.2067;0.0000;0.3635;-2.6528;4.5166
132;-4.3970;-7.9699;0.0000;0.3352;-2.4412;4.2314
133;-4.3994;-7.7331;0.0000;0.2939;-2.5786;3.6675
134;-4.4022;-7.4972;0.0000;0.3808;-2.7398;3.0722
135;-4.4052;-7.2609;0.0000;0.4576;-2.5450;2.8158
136;-4.4077;-7.0241;0.0000;0.3599;-2.5324;2.8530
137;-4.4101;-6.7877;0.0000;0.3300;-2.6839;2.7913
138;-4.4125;-6.5517;0.0000;0.2642;-2.7469;3.2542
139;-4.4153;-6.3154;0.0000;0.3246;-2.6717;3.8403
140;-4.4185;-6.0791;0.0000;0.3456;-2.7266;3.9821
141;-4.4214;-5.8433;0.0000;0.5185;-2.9311;3.7865
142;-4.4237;-5.6079;0.0000;0.4308;-3.0365;4.0385
143;-4.4260;-5.3726;0.0000;0.2425;-3.0747;4.4904
144;-4.4286;-5.1373;0.0000;0.2270;-3.0059;4.8465
145;-4.4311;-4.9017;0.0000;0.3662;-2.8830;4.8880
146;-4.4333;-4.6657;0.0000;0.3369;-2.9424;5.0297
147;-4.4354;-4.4304;0.0000;0.3101;-3.0953;4.7340
148;-4.4379;-4.1953;0.0000;0.3432;-3.1497;4.5564
149;-4.4402;-3.9602;0.0000;0.2871;-3.1913;4.5827
150;-4.4424;-3.7251;0.0000;0.2414;-2.9211;5.2406
151;-4.4445;-3.4893;0.0000;0.1566;-2.7751;5.4895
152;-4.4468;-3.2531;0.0000;0.1277;-2.7206;5.3399
153;-4.4494;-3.0170;0.0000;0.2380;-2.7234;5.3635
154;-4.4523;-2.7808;0.0000;0.3525;-2.7041;5.1912
155;-4.4548;-2.5446;0.0000;0.2525;-2.6172;5.1702
156;-4.4570;-2.3082;0.0000;0.2002;-2.6203;5.4409
157;-4.4591;-2.0718;0.0000;0.2178;-2.7837;5.4383
158;-4.4613;-1.8361;0.0000;0.2858;-2.8383;5.2813
159;-4.4636;-1.6001;0.0000;0.3331;-2.7960;5.5302
160;-4.4656;-1.3641;0.0000;0.2311;-2.8130;5.2187
161;-4.4679;-1.1284;0.0000;0.2813;-2.8619;4.9991
162;-4.4702;-0.8925;0.0000;0.3002;-2.8609;4.5411
163;-4.4722;-0.6567;0.0000;0.2622;-2.9399;4.9764
164;-4.4744;-0.4213;0.0000;0.3079;-2.9272;5.6514
165;-4.4767;-0.1855;0.0000;0.2210;-2.8326;5.4698
166;-4.4793;0.0507;0.0000;0.3905;-2.6831;5.5796
167;-4.4817;0.2869;0.0000;0.4668;-2.7203;5.3508
168;-4.4841;0.5228;0.0000;0.3599;-2.8478;5.3679
169;-4.4863;0.7586;0.0000;0.3387;-2.8585;5.2082
170;-4.4883;0.9946;0.0000;0.3096;-2.7416;5.0757
171;-4.4904;1.2308;0.0000;0.1819;-2.7913;4.9619
172;-4.4924;1.4666;0.0000;0.1988;-2.8627;5.0971
173;-4.4942;1.7023;0.0000;0.1876;-2.6934;4.6872
174;-4.4962;1.9389;0.0000;0.2474;-2.6416;4.2380
175;-4.4983;2.1749;0.0000;0.2556;-2.8267;3.9584
176;-4.5004;2.4107;0.0000;0.2480;-2.7739;3.5188
177;-4.5029;2.6469;0.0000;0.3817;-2.6839;3.5989
178;-4.5052;2.8831;0.0000;0.2667;-2.6843;3.2813
179;-4.5075;3.1193;0.0000;0.2615;-2.6812;3.1798
180;-4.5099;3.3556;0.0000;0.3668;-2.6778;3.1684
181;-4.5121;3.5918;0.0000;0.4475;-2.6504;3.4948
182;-4.5141;3.8285;0.0000;0.4377;-2.4504;4.1872
183;-4.5158;4.0652;0.0000;0.3352;-2.5139;4.4764
184;-4.5180;4.3017;0.0000;0.2924;-2.6485;4.5337
185;-4.5203;4.5379;0.0000;0.3357;-2.6274;4.6286
186;-4.5223;4.7743;0.0000;0.3437;-2.6763;4.8640
187;-4.5240;5.0105;0.0000;0.3684;-2.7185;5.3128
188;-4.5258;5.2467;0.0000;0.2727;-2.6362;5.0223
189;-4.5280;5.4831;0.0000;0.2181;-2.5664;5.1146
190;-4.5302;5.7196;0.0000;0.2261;-2.5566;5.0000
191;-4.5321;5.9561;0.0000;0.2271;-2.7211;4.4156
192;-4.5341;6.1918;0.0000;0.2903;-2.8941;4.2883
193;-4.5357;6.4275;0.0000;0.2170;-2.9015;4.4917
194;-4.5373;6.6631;0.0000;0.1195;-2.8369;4.8482
195;-4.5393;6.8991;0.0000;0.1478;-2.7344;4.8023
196;-4.5408;7.1353;0.0000;0.1178;-2.6745;5.0477
197;-4.5423;7.3716;0.0000;0.0927;-2.5979;4.6299
198;-4.5442;7.6081;0.0000;0.1625;-2.6080;4.7791
199;-4.5459;7.8443;0.0000;0.1518;-2.7457;4.5787
200;-4.5479;8.0803;0.0000;0.1924;-2.8067;4.3718
201;4.3976;8.1309;0.0000;0.3090;-2.6502;7.1168
202;4.4096;7.8966;0.0000;0.2847;-2.6513;7.3290
203;4.4122;7.6601;0.0000;0.2381;-2.6663;7.1877
204;4.4149;7.4234;0.0000;0.2656;-2.7419;6.7931
205;4.4178;7.1872;0.0000;0.3581;-2.7711;7.6544
206;4.4206;6.9509;0.0000;0.5057;-2.7804;6.2760
207;4.4234;6.7146;0.0000;0.5057;-2.8081;5.8416
208;4.4260;6.4785;0.0000;0.4483;-2.8411;7.3180
209;4.4287;6.2423;0.0000;0.4336;-2.8472;6.7975
210;4.4314;6.0062;0.0000;0.4888;-2.8860;6.6605
211;4.4341;5.7702;0.0000;0.5090;-2.8504;7.0809
212;4.4367;5.5338;0.0000;0.5084;-2.7074;7.3596
213;4.4393;5.2972;0.0000;0.5843;-2.7561;7.2686
214;4.4421;5.0609;0.0000;0.6749;-2.7928;7.2992
215;4.4447;4.8245;0.0000;0.7575;-2.7409;6.2555
216;4.4474;4.5883;0.0000;0.8048;-2.7891;6.2563
217;4.4499;4.3519;0.0000;0.7327;-2.5585;5.3198
218;4.4522;4.1148;0.0000;0.6607;-2.5115;4.3937
219;4.4548;3.8778;0.0000;0.6760;-2.4889;3.6807
220;4.4574;3.6408;0.0000;0.6906;-2.5181;4.3066
221;4.4601;3.4039;0.0000;0.6861;-2.5753;5.5376
222;4.4628;3.1673;0.0000;0.7130;-2.6867;6.7130
223;4.4655;2.9309;0.0000;0.6876;-2.6997;7.2743
224;4.4682;2.6944;0.0000;0.7580;-2.6573;7.7415
225;4.4708;2.4578;0.0000;0.8696;-2.7406;7.6527
226;4.4734;2.2216;0.0000;0.7396;-2.7844;7.9274
227;4.4762;1.9853;0.0000;0.7224;-2.7709;7.7257
228;4.4790;1.7489;0.0000;0.7109;-2.7157;7.4164
229;4.4815;1.5123;0.0000;0.7178;-2.6633;7.5853
230;4.4838;1.2757;0.0000;0.6927;-2.6800;7.9370
231;4.4862;1.0392;0.0000;0.6456;-2.7535;7.7340
232;4.4886;0.8028;0.0000;0.6676;-2.7748;7.5311
233;4.4911;0.5666;0.0000;0.6183;-2.7655;7.5853
234;4.4935;0.3302;0.0000;0.5543;-2.7427;7.7034
235;4.4959;0.0938;0.0000;0.5468;-2.7763;7.6671
236;4.4985;-0.1424;0.0000;0.5733;-2.8834;8.0267
237;4.5009;-0.3783;0.0000;0.6050;-2.9946;7.3836
238;4.5033;-0.6139;0.0000;0.5497;-2.9154;7.3902
239;4.5055;-0.8502;0.0000;0.5194;-2.8270;7.2283
240;4.5082;-1.0863;0.0000;0.4805;-2.9026;7.0617
241;4.5110;-1.3223;0.0000;0.6296;-2.8951;7.2695
242;4.5137;-1.5583;0.0000;0.6252;-2.8830;7.4151
243;4.5163;-1.7944;0.0000;0.5732;-2.9179;7.5232
244;4.5191;-2.0305;0.0000;0.6694;-2.9143;7.9488
245;4.5223;-2.2664;0.0000;0.6570;-2.9984;7.6894
246;4.5252;-2.5020;0.0000;0.7750;-2.9533;7.5324
247;4.5278;-2.7381;0.0000;0.5620;-2.8078;7.5696
248;4.5308;-2.9745;0.0000;0.6317;-2.7241;7.4851
249;4.5339;-3.2111;0.0000;0.7305;-2.7165;8.2297
250;4.5369;-3.4474;0.0000;0.7672;-2.7181;7.2835
251;4.5398;-3.6841;0.0000;0.6330;-2.6606;5.8469
252;4.5426;-3.9207;0.0000;0.5008;-2.5903;6.3535
253;4.5455;-4.1575;0.0000;0.5192;-2.5779;6.6120
254;4.5482;-4.3943;0.0000;0.5020;-2.5970;6.3381
255;4.5510;-4.6310;0.0000;0.5005;-2.7046;6.8263
256;4.5541;-4.8673;0.0000;0.5398;-2.8768;6.4856
257;4.5568;-5.1033;0.0000;0.4723;-2.8538;5.8447
258;4.5595;-5.3396;0.0000;0.4297;-2.6682;4.9409
259;4.5623;-5.5763;0.0000;0.5151;-2.7078;4.6461
260;4.5651;-5.8126;0.0000;0.4246;-2.7477;4.7520
261;4.5678;-6.0492;0.0000;0.4342;-2.6845;4.9291
262;4.5706;-6.2858;0.0000;0.4807;-2.6477;6.1942
263;4.5732;-6.5225;0.0000;0.5079;-2.5577;6.9899
264;4.5758;-6.7593;0.0000;0.5524;-2.6180;6.8915
265;4.5783;-6.9960;0.0000;0.4749;-2.6935;7.0455
266;4.5809;-7.2326;0.0000;0.5196;-2.5957;6.9370
267;4.5834;-7.4694;0.0000;0.5411;-2.6362;6.8613
268;4.5856;-7.7059;0.0000;0.5193;-2.7739;7.5122
269;4.5879;-7.9421;0.0000;0.4936;-2.7700;7.4821
270;4.5902;-8.1786;0.0000;0.4838;-2.7574;7.4755
271;4.5924;-8.4148;0.0000;0.5414;-2.8547;7.4738
272;4.5946;-8.6509;0.0000;0.4748;-2.8361;7.0818
273;4.5968;-8.8870;0.0000;0.5374;-2.8161;6.8193
274;4.5990;-9.1231;0.0000;0.6122;-2.9121;6.6212
275;4.6010;-9.3588;0.0000;0.5943;-2.9870;6.7213
276;4.6030;-9.5948;0.0000;0.5629;-2.8537;7.1605
277;4.6051;-9.8310;0.0000;0.4619;-2.7108;7.4081
278;4.6071;-10.0675;0.0000;0.4115;-2.6228;6.5363
279;4.6092;-10.3044;0.0000;0.3743;-2.5962;6.7581
280;4.6114;-10.5411;0.0000;0.3516;-2.5843;6.7655
281;4.6135;-10.7779;0.0000;0.2781;-2.5130;7.7340
282;4.6159;-11.0151;0.0000;0.2616;-2.4707;7.4383
283;4.6184;-11.2521;0.0000;0.3164;-2.5383;7.1479
284;4.6206;-11.4888;0.0000;0.1866;-2.6420;7.3548
285;4.6229;-11.7254;0.0000;0.1665;-2.6224;7.3233
286;4.6258;-11.9622;0.0000;0.2663;-2.4607;6.9366
287;4.6283;-12.1994;0.0000;0.2720;-2.4062;7.1837
288;4.6306;-12.4367;0.0000;0.2363;-2.4370;6.8434
289;4.4639;-12.5184;0.0000;0.2492;-2.7519;6.7708
290;4.2201;-12.5171;0.0000;0.2947;-2.6424;6.7603
291;3.9759;-12.5160;0.0000;0.2936;-2.4561;6.4374
292;3.7324;-12.5150;0.0000;0.1193;-2.3021;5.8285
293;3.4898;-12.5133;0.0000;0.1007;-2.4952;5.0017
294;3.2461;-12.5120;0.0000;0.2698;-2.3896;4.9361
295;3.0018;-12.5113;0.0000;0.2521;-2.0420;4.3723
296;2.7587;-12.5102;0.0000;0.1829;-1.8378;3.7773
297;2.5148;-12.5072;0.0000;0.3602;-2.6675;3.6317
298;2.3422;-12.3619;0.0000;0.1799;-2.7463;3.4598
299;2.3402;-12.1255;0.0000;0.0674;-2.4387;3.9055
300;2.3378;-11.8875;0.0000;0.1988;-2.0945;3.7537
301;2.3354;-11.6496;0.0000;0.3278;-2.3031;3.7498
302;2.3332;-11.4125;0.0000;0.4576;-2.4395;3.5258
303;2.3309;-11.1752;0.0000;0.5020;-2.3809;3.5416
304;2.3291;-10.9381;0.0000;0.4424;-2.4022;3.5538
305;2.3273;-10.7008;0.0000;0.3803;-2.3417;3.3368
306;2.3253;-10.4633;0.0000;0.4766;-2.3813;3.6960
307;2.3236;-10.2261;0.0000;0.3179;-2.6939;3.7996
308;2.3214;-9.9902;0.0000;0.3909;-2.7968;3.8491
309;2.3194;-9.7536;0.0000;0.5759;-2.5341;4.1251
310;2.3182;-9.5163;0.0000;0.3604;-2.6285;3.6820
311;2.3163;-9.2803;0.0000;0.2851;-2.8401;3.3158
312;2.3142;-9.0443;0.0000;0.2532;-2.7872;3.5468
313;2.3124;-8.8077;0.0000;0.4063;-2.5789;3.8325
314;2.3109;-8.5709;0.0000;0.2705;-2.6228;3.8990
315;2.3092;-8.3342;0.0000;0.1851;-2.6014;3.9654
316;2.3072;-8.0973;0.0000;0.3335;-2.6934;3.3250
317;2.3051;-7.8609;0.0000;0.3682;-2.7127;3.5516
318;2.3029;-7.6244;0.0000;0.3395;-2.5943;4.2200
319;2.3008;-7.3874;0.0000;0.3105;-2.5572;4.0822
320;2.2984;-7.1506;0.0000;0.3004;-2.6752;4.2375
321;2.2959;-6.9142;0.0000;0.3891;-2.7421;4.1693
322;2.2933;-6.6778;0.0000;0.4596;-2.6672;4.1842
323;2.2910;-6.4411;0.0000;0.3451;-2.5512;3.7616
324;2.2889;-6.2041;0.0000;0.2674;-2.5613;3.8946
325;2.2864;-5.9674;0.0000;0.3120;-2.7451;4.2498
326;2.2841;-5.7312;0.0000;0.2238;-2.8391;4.0669
327;2.2816;-5.4951;0.0000;0.2422;-2.8389;3.5542
328;2.2790;-5.2589;0.0000;0.2614;-2.7940;3.8421
329;2.2766;-5.0226;0.0000;0.2595;-2.8492;4.3828
330;2.2742;-4.7866;0.0000;0.2386;-2.8853;3.8368
331;2.2717;-4.5505;0.0000;0.1975;-2.8160;3.4414
332;2.2691;-4.3140;0.0000;0.2346;-2.7121;3.6527
333;2.2666;-4.0779;0.0000;0.2551;-2.8333;3.8381
334;2.2642;-3.8417;0.0000;0.2460;-2.8016;3.8320
335;2.2618;-3.6056;0.0000;0.0832;-2.8270;4.2620
336;2.2590;-3.3692;0.0000;0.0975;-2.7684;3.9895
337;2.2563;-3.1327;0.0000;0.1506;-2.6298;3.4685
338;2.2539;-2.8959;0.0000;0.1590;-2.8112;3.1868
339;2.2514;-2.6602;0.0000;0.2020;-2.9541;3.4029
340;2.2488;-2.4243;0.0000;0.2685;-2.9335;4.1899
341;2.2463;-2.1883;0.0000;0.2845;-2.9185;3.9195
342;2.2438;-1.9523;0.0000;0.3454;-2.9026;3.8543
343;2.2414;-1.7163;0.0000;0.3379;-2.8887;4.0696
344;2.2394;-1.4801;0.0000;0.1965;-2.7778;4.2830
345;2.2370;-1.2437;0.0000;0.2260;-2.8216;4.1824
346;2.2346;-1.0076;0.0000;0.2989;-2.8407;3.8898
347;2.2325;-0.7714;0.0000;0.1807;-2.8880;3.6986
348;2.2302;-0.5356;0.0000;0.1875;-2.9489;3.7787
349;2.2280;-0.2996;0.0000;0.1541;-2.8401;4.4234
350;2.2258;-0.0631;0.0000;0.1349;-2.8089;4.4348
351;2.2235;0.1729;0.0000;0.1789;-2.8429;4.6146
352;2.2211;0.4091;0.0000;0.2681;-2.8285;4.8333
353;2.2191;0.6454;0.0000;0.1153;-2.7183;4.4226
354;2.2171;0.8820;0.0000;0.0770;-2.6755;4.4020
355;2.2149;1.1185;0.0000;0.1589;-2.7006;4.2437
356;2.2127;1.3549;0.0000;0.1188;-2.7201;4.4357
357;2.2103;1.5916;0.0000;0.2417;-2.6387;4.3080
358;2.2081;1.8281;0.0000;0.2359;-2.7078;4.3224
359;2.2057;2.0645;0.0000;0.2409;-2.7889;3.8963
360;2.2034;2.3008;0.0000;0.2811;-2.7274;4.1269
361;2.2010;2.5374;0.0000;0.2740;-2.6022;4.2878
362;2.1987;2.7743;0.0000;0.1759;-2.4622;4.4409
363;2.1963;3.0115;0.0000;0.1341;-2.4198;4.3101
364;2.1937;3.2486;0.0000;0.2627;-2.6525;3.9156
365;2.1915;3.4849;0.0000;0.2682;-2.6100;3.3801
366;2.1893;3.7220;0.0000;0.2559;-2.4951;3.4379
367;2.1870;3.9592;0.0000;0.3215;-2.4844;3.6986
368;2.1850;4.1960;0.0000;0.2721;-2.4325;3.1409
369;2.1827;4.4336;0.0000;0.4629;-2.2296;3.2174
370;2.1807;4.6712;0.0000;0.4621;-2.4090;3.5626
371;2.1788;4.9079;0.0000;0.3231;-2.6059;3.6229
372;2.1765;5.1448;0.0000;0.3922;-2.6391;3.4672
373;2.1745;5.3812;0.0000;0.2439;-2.7186;3.6995
374;2.1722;5.6176;0.0000;0.2588;-2.7022;3.8990
375;2.1701;5.8543;0.0000;0.2173;-2.6946;3.9943
376;2.1677;6.0906;0.0000;0.1917;-2.7508;3.6833
377;2.1653;6.3270;0.0000;0.1648;-2.7910;3.6649
378;2.1630;6.5632;0.0000;0.2390;-2.8485;4.0162
379;2.1606;6.7993;0.0000;0.2793;-2.7958;3.8447
380;2.1583;7.0357;0.0000;0.2424;-2.7656;3.6684
381;2.1559;7.2721;0.0000;0.2366;-2.7557;3.8023
382;2.1532;7.5084;0.0000;0.2928;-2.7413;3.6133
383;2.1506;7.7449;0.0000;0.3868;-2.5290;3.3784
384;2.1483;7.9823;0.0000;0.4053;-2.3691;3.2445
385;2.2041;8.1674;0.0000;0.3497;-2.4191;3.4681
386;2.4480;8.1633;0.0000;0.3416;-2.4830;3.7257
387;2.6919;8.1590;0.0000;0.2984;-2.6380;4.3136
388;2.9356;8.1548;0.0000;0.2521;-2.6836;5.1505
389;3.1792;8.1508;0.0000;0.2357;-2.6933;5.7651
390;3.4227;8.1469;0.0000;0.1943;-2.7163;5.8845
391;3.6663;8.1430;0.0000;0.2343;-2.6881;6.9808
392;3.9100;8.1391;0.0000;0.2829;-2.7010;6.8902
393;4.1538;8.1351;0.0000;0.3115;-2.6796;6.8911
394;-3.1206;8.1027;0.0000;0.1563;-2.6969;4.5381
395;-2.8880;8.0983;0.0000;0.1517;-2.7201;4.4821
396;-2.6469;8.1027;0.0000;0.1448;-2.6980;4.3758
397;-2.4023;8.1045;0.0000;0.1197;-2.6462;4.9335
398;-4.3047;8.0004;0.0000;0.1330;-2.8103;4.4523
399;-4.0524;8.0108;0.0000;0.1300;-2.8238;4.4479
400;-3.8065;8.0136;0.0000;0.1526;-2.8738;4.5507
401;-3.5620;8.0156;0.0000;0.1359;-2.8449;4.8106
402;-3.3150;8.0119;0.0000;0.1283;-2.7329;4.7787
403;-3.0568;7.9385;0.0000;0.1657;-2.6648;4.5227
404;-2.8088;7.9359;0.0000;0.1381;-2.6442;4.0656
405;-2.5711;7.9398;0.0000;0.1657;-2.6035;4.3784
406;-2.3447;7.9345;0.0000;0.0104;-2.5128;4.6374
407;2.3308;7.9580;0.0000;0.3659;-2.4336;3.6321
408;2.5604;7.9671;0.0000;0.3068;-2.5596;3.9414
409;2.7983;7.9638;0.0000;0.2600;-2.6329;4.6111
410;3.0395;7.9606;0.0000;0.2575;-2.6423;5.3180
411;3.2825;7.9578;0.0000;0.2335;-2.6412;5.9230
412;3.5257;7.9549;0.0000;0.2282;-2.6462;6.6347
413;3.7682;7.9516;0.0000;0.2704;-2.6662;7.0166
414;4.0056;7.9468;0.0000;0.2933;-2.6717;7.0376
415;4.2198;7.9710;0.0000;0.3087;-2.6523;7.0542
416;-4.3572;7.7784;0.0000;0.1320;-2.7041;4.6640
417;-4.1483;7.7951;0.0000;0.1017;-2.7217;4.5101
418;-3.9172;7.7990;0.0000;0.1667;-2.7708;4.5210
419;-3.6788;7.8002;0.0000;0.2132;-2.8318;4.7966
420;-3.4392;7.7988;0.0000;0.1451;-2.7974;4.8224
421;-3.2028;7.7808;0.0000;0.1362;-2.6823;4.8272
422;-2.9516;7.7585;0.0000;0.1258;-2.6017;4.6120
423;-2.7142;7.7568;0.0000;0.1283;-2.5728;4.4029
424;-2.4951;7.7548;0.0000;0.1703;-2.5082;4.3653
425;-2.3022;7.7368;0.0000;-0.0954;-2.4194;5.0136
426;2.4231;7.7736;0.0000;0.3451;-2.5588;3.8307
427;2.6666;7.7688;0.0000;0.2923;-2.6255;4.4269
428;2.9082;7.7662;0.0000;0.2683;-2.6626;5.0621
429;3.1507;7.7642;0.0000;0.2515;-2.6496;5.5761
430;3.3942;7.7624;0.0000;0.2515;-2.6306;6.4917
431;3.6396;7.7610;0.0000;0.2824;-2.6612;6.9099
432;3.8903;7.7599;0.0000;0.2924;-2.6874;7.1177
433;4.1610;7.7663;0.0000;0.2672;-2.6673;7.3167
434;-4.2810;7.5782;0.0000;0.1331;-2.5819;4.6859
435;-4.0382;7.5854;0.0000;0.1378;-2.5764;4.4895
436;-3.7982;7.5875;0.0000;0.2001;-2.5961;4.7318
437;-3.5581;7.5872;0.0000;0.1769;-2.6404;4.8863
438;-3.3192;7.5814;0.0000;0.1553;-2.5995;4.4007
439;-3.0781;7.5734;0.0000;0.1568;-2.5259;4.2590
440;-2.8369;7.5659;0.0000;0.1324;-2.5351;4.5962
441;-2.6057;7.5632;0.0000;0.1672;-2.5381;4.7695
442;-2.3826;7.5573;0.0000;0.0285;-2.4933;4.9151
443;2.3384;7.5912;0.0000;0.3265;-2.6846;3.9138
444;2.5522;7.5695;0.0000;0.3002;-2.6842;4.5074
445;2.7857;7.5676;0.0000;0.3100;-2.7186;4.9138
446;3.0259;7.5667;0.0000;0.2745;-2.7610;5.6938
447;3.2682;7.5656;0.0000;0.2551;-2.7556;6.4510
448;3.5111;7.5652;0.0000;0.2612;-2.7381;6.8128
449;3.7533;7.5667;0.0000;0.2832;-2.7329;7.4838
450;3.9936;7.5717;0.0000;0.2655;-2.7169;7.3285
451;4.2178;7.5468;0.0000;0.2531;-2.6998;7.3027
452;-4.3795;7.3742;0.0000;0.1485;-2.6066;4.6334
453;-4.1510;7.3762;0.0000;0.1667;-2.6030;4.7095
454;-3.9160;7.3771;0.0000;0.1859;-2.5582;4.7874
455;-3.6772;7.3776;0.0000;0.1131;-2.5192;4.7725
456;-3.4374;7.3761;0.0000;0.1008;-2.5014;4.4532
457;-3.1964;7.3728;0.0000;0.2280;-2.4893;4.3561
458;-2.9565;7.3694;0.0000;0.1948;-2.4978;4.8771
459;-2.7228;7.3664;0.0000;0.1673;-2.5450;4.9711
460;-2.5011;7.3653;0.0000;0.1597;-2.5867;4.8368
461;-2.2911;7.3700;0.0000;0.0977;-2.6262;4.9453
462;2.4007;7.3747;0.0000;0.2663;-2.7521;4.0573
463;2.6553;7.3670;0.0000;0.2786;-2.7631;4.4479
464;2.9012;7.3663;0.0000;0.3042;-2.7758;5.1649
465;3.1448;7.3658;0.0000;0.2731;-2.7814;6.0997
466;3.3875;7.3651;0.0000;0.2501;-2.7806;6.6597
467;3.6276;7.3655;0.0000;0.2618;-2.7532;7.1544
468;3.8599;7.3673;0.0000;0.2566;-2.7152;7.5206
469;4.0738;7.3599;0.0000;0.2379;-2.7220;7.1295
470;4.2661;7.3355;0.0000;0.2846;-2.7673;6.9458
471;-4.2797;7.1750;0.0000;0.1537;-2.6766;4.6492
472;-4.0378;7.1702;0.0000;0.2362;-2.6629;4.7047
473;-3.7978;7.1698;0.0000;0.1798;-2.6041;4.7511
474;-3.5572;7.1696;0.0000;0.0661;-2.5278;4.7997
475;-3.3160;7.1686;0.0000;0.1724;-2.5214;4.6636
476;-3.0748;7.1671;0.0000;0.2688;-2.5632;4.7100
477;-2.8372;7.1653;0.0000;0.1887;-2.5813;5.1531
478;-2.6066;7.1646;0.0000;0.1904;-2.6255;4.9020
479;-2.3806;7.1715;0.0000;0.1818;-2.7016;4.7275
480;2.3356;7.1641;0.0000;0.2358;-2.7678;3.7948
481;2.5460;7.1645;0.0000;0.2389;-2.7897;4.3482
482;2.7823;7.1644;0.0000;0.2785;-2.7853;4.4033
483;3.0236;7.1637;0.0000;0.3072;-2.7455;5.2791
484;3.2661;7.1631;0.0000;0.2815;-2.7399;5.7327
485;3.5073;7.1626;0.0000;0.2527;-2.7444;6.7892
486;3.7435;7.1623;0.0000;0.2613;-2.7274;7.4068
487;3.9695;7.1595;0.0000;0.2295;-2.7248;7.1811
488;4.1885;7.1497;0.0000;0.2632;-2.7449;7.4055
489;-4.3567;6.9811;0.0000;0.1339;-2.6931;4.5227
490;-4.1469;6.9646;0.0000;0.2164;-2.6868;4.2865
491;-3.9157;6.9629;0.0000;0.2300;-2.6483;4.5761
492;-3.6775;6.9633;0.0000;0.1394;-2.6002;4.8937
493;-3.4365;6.9633;0.0000;0.1601;-2.6017;4.9283
494;-3.1948;6.9628;0.0000;0.2366;-2.6146;4.6662
495;-2.9553;6.9618;0.0000;0.2240;-2.6406;4.6054
496;-2.7226;6.9606;0.0000;0.2176;-2.6723;4.7279
497;-2.5028;6.9623;0.0000;0.2424;-2.6835;4.5284
498;-2.3093;6.9782;0.0000;0.1584;-2.7190;4.9077
499;2.4052;6.9508;0.0000;0.2387;-2.7842;3.9138
500;2.6566;6.9608;0.0000;0.2423;-2.7786;4.2314
501;2.9013;6.9608;0.0000;0.2879;-2.7591;4.5486
502;3.1445;6.9599;0.0000;0.3117;-2.7553;5.2782
503;3.3867;6.9591;0.0000;0.2797;-2.7708;6.3281
504;3.6255;6.9582;0.0000;0.2792;-2.7792;6.4716
505;3.8560;6.9564;0.0000;0.2647;-2.7633;6.7817
506;4.0733;6.9544;0.0000;0.2020;-2.7429;7.2878
507;4.2779;6.9526;0.0000;0.3128;-2.7601;6.5682
508;-4.2946;6.7647;0.0000;0.1484;-2.7643;4.6719
509;-4.0444;6.7578;0.0000;0.2064;-2.7416;4.4051
510;-3.8008;6.7575;0.0000;0.1745;-2.6977;4.5503
511;-3.5584;6.7578;0.0000;0.1885;-2.6408;4.5442
512;-3.3159;6.7580;0.0000;0.2383;-2.6762;4.7467
513;-3.0740;6.7575;0.0000;0.2511;-2.7093;4.6772
514;-2.8346;6.7568;0.0000;0.2243;-2.6614;4.5507
515;-2.5985;6.7567;0.0000;0.2265;-2.6167;4.8399
516;-2.3624;6.7631;0.0000;-0.0271;-2.6085;4.9388
517;2.3454;6.7306;0.0000;0.2507;-2.8538;3.7861
518;2.5545;6.7534;0.0000;0.2504;-2.8163;4.0227
519;2.7860;6.7567;0.0000;0.2797;-2.7964;4.5451
520;3.0249;6.7560;0.0000;0.2827;-2.8226;6.0236
521;3.2662;6.7553;0.0000;0.2909;-2.8251;6.5293
522;3.5069;6.7543;0.0000;0.2819;-2.8137;6.8333
523;3.7430;6.7527;0.0000;0.2728;-2.7974;6.8823
524;3.9707;6.7514;0.0000;0.2148;-2.7760;6.9724
525;4.1920;6.7559;0.0000;0.2979;-2.7781;7.1811
526;-4.3612;6.5541;0.0000;0.1836;-2.8446;4.6054
527;-4.1527;6.5527;0.0000;0.1624;-2.7899;4.4444
528;-3.9190;6.5529;0.0000;0.1717;-2.7980;4.4943
529;-3.6792;6.5527;0.0000;0.1651;-2.7931;4.2633
530;-3.4374;6.5528;0.0000;0.2124;-2.7266;4.4331
531;-3.1952;6.5531;0.0000;0.2802;-2.7130;4.5709
532;-2.9547;6.5527;0.0000;0.2351;-2.7188;4.7511
533;-2.7195;6.5521;0.0000;0.2181;-2.6998;4.9514
534;-2.4951;6.5516;0.0000;0.2063;-2.6825;4.7725
535;-2.2984;6.5550;0.0000;-0.2333;-2.6795;4.8469
536;2.4235;6.5403;0.0000;0.2359;-2.8424;3.7170
537;2.6646;6.5504;0.0000;0.2784;-2.8127;4.2406
538;2.9043;6.5516;0.0000;0.2893;-2.8167;5.5586
539;3.1454;6.5512;0.0000;0.2783;-2.8504;6.6391
540;3.3869;6.5503;0.0000;0.2892;-2.8407;6.9563
541;3.6256;6.5488;0.0000;0.2592;-2.7960;7.1242
542;3.8570;6.5468;0.0000;0.2329;-2.7853;7.6912
543;4.0735;6.5473;0.0000;0.2242;-2.8179;7.4178
544;4.2625;6.5590;0.0000;0.3961;-2.8451;6.7143
545;-4.2933;6.3398;0.0000;0.1924;-2.8352;4.2170
546;-4.0444;6.3479;0.0000;0.1966;-2.7897;4.2450
547;-3.8013;6.3484;0.0000;0.1916;-2.7924;4.3298
548;-3.5591;6.3482;0.0000;0.1509;-2.8369;4.4370
549;-3.3168;6.3481;0.0000;0.2422;-2.8421;4.3801
550;-3.0746;6.3481;0.0000;0.2938;-2.8035;4.6588
551;-2.8348;6.3481;0.0000;0.2216;-2.7744;4.9348
552;-2.5981;6.3473;0.0000;0.2297;-2.7499;4.9029
553;-2.3602;6.3406;0.0000;0.0912;-2.6942;5.1719
554;2.3247;6.3366;0.0000;0.1985;-2.7621;3.3311
555;2.5521;6.3450;0.0000;0.2476;-2.7306;3.7695
556;2.7862;6.3465;0.0000;0.3290;-2.7403;4.8115
557;3.0252;6.3467;0.0000;0.2833;-2.7712;6.1772
558;3.2664;6.3462;0.0000;0.2990;-2.7898;6.4003
559;3.5075;6.3451;0.0000;0.2957;-2.7808;7.1124
560;3.7457;6.3434;0.0000;0.2332;-2.7874;7.2581
561;3.9792;6.3421;0.0000;0.2239;-2.8097;7.4991
562;4.2108;6.3460;0.0000;0.3335;-2.8273;7.7668
563;-4.3519;6.1205;0.0000;0.2218;-2.8351;4.0206
564;-4.1456;6.1407;0.0000;0.1906;-2.8031;4.1199
565;-3.9163;6.1434;0.0000;0.2157;-2.7538;4.3115
566;-3.6788;6.1434;0.0000;0.1154;-2.7313;4.2760
567;-3.4381;6.1436;0.0000;0.1374;-2.7924;4.1907
568;-3.1965;6.1438;0.0000;0.2748;-2.8416;4.3902
569;-2.9563;6.1436;0.0000;0.3103;-2.7907;4.7747
570;-2.7220;6.1429;0.0000;0.2750;-2.6689;4.6137
571;-2.5001;6.1398;0.0000;0.2143;-2.5972;4.6614
572;-2.3036;6.1223;0.0000;0.1770;-2.5742;4.8841
573;2.4257;6.1451;0.0000;0.2090;-2.7053;3.9283
574;2.6653;6.1414;0.0000;0.2807;-2.7221;4.7126
575;2.9047;6.1417;0.0000;0.2962;-2.7745;5.4869
576;3.1454;6.1416;0.0000;0.2575;-2.7777;6.3259
577;3.3869;6.1409;0.0000;0.3056;-2.7875;6.9615
578;3.6265;6.1398;0.0000;0.2797;-2.8333;7.1562
579;3.8597;6.1387;0.0000;0.2319;-2.8547;7.0442
580;4.0802;6.1368;0.0000;0.2402;-2.8414;6.6693
581;4.2712;6.1379;0.0000;0.3810;-2.8451;7.1076
582;-4.2758;5.9283;0.0000;0.2073;-2.6807;4.3911
583;-4.0372;5.9368;0.0000;0.2160;-2.6782;4.2612
584;-3.7992;5.9380;0.0000;0.1352;-2.6954;4.2992
585;-3.5593;5.9383;0.0000;0.1153;-2.6483;4.6045
586;-3.3177;5.9387;0.0000;0.2323;-2.6073;4.8049
587;-3.0762;5.9388;0.0000;0.3125;-2.6123;4.6133
588;-2.8373;5.9379;0.0000;0.3087;-2.5794;4.7047
589;-2.6038;5.9356;0.0000;0.2371;-2.5509;4.9143
590;-2.3731;5.9277;0.0000;0.1783;-2.5477;4.8640
591;2.3421;5.9587;0.0000;0.2237;-2.7377;3.9020
592;2.5544;5.9366;0.0000;0.2414;-2.7569;4.7507
593;2.7866;5.9366;0.0000;0.2826;-2.7965;5.7555
594;3.0252;5.9369;0.0000;0.2546;-2.7812;6.3150
595;3.2662;5.9366;0.0000;0.2516;-2.7953;6.7073
596;3.5071;5.9360;0.0000;0.2800;-2.8498;7.1255
597;3.7453;5.9352;0.0000;0.2658;-2.8716;6.7848
598;3.9786;5.9342;0.0000;0.2400;-2.8824;6.7183
599;4.2111;5.9251;0.0000;0.3681;-2.8898;6.2857
600;-4.3726;5.7259;0.0000;0.1997;-2.5687;4.6671
601;-4.1487;5.7309;0.0000;0.1919;-2.5763;4.3250
602;-3.9169;5.7324;0.0000;0.1710;-2.6173;4.3508
603;-3.6794;5.7330;0.0000;0.1648;-2.6492;4.4816
604;-3.4387;5.7330;0.0000;0.2645;-2.5434;4.8281
605;-3.1969;5.7334;0.0000;0.2575;-2.4469;4.5809
606;-2.9566;5.7329;0.0000;0.2960;-2.4678;4.3906
607;-2.7212;5.7315;0.0000;0.2593;-2.5009;4.6146
608;-2.4945;5.7295;0.0000;0.2080;-2.5356;4.8793
609;-2.2777;5.7256;0.0000;0.2164;-2.5880;4.4768
610;2.4072;5.7376;0.0000;0.2502;-2.7237;4.1155
611;2.6595;5.7334;0.0000;0.2753;-2.7420;5.3902
612;2.9028;5.7325;0.0000;0.2814;-2.7127;5.8259
613;3.1448;5.7320;0.0000;0.2410;-2.7179;6.1785
614;3.3863;5.7316;0.0000;0.2397;-2.7345;6.6299
615;3.6252;5.7310;0.0000;0.2550;-2.7500;6.5525
616;3.8563;5.7305;0.0000;0.2368;-2.7929;6.7651
617;4.0724;5.7295;0.0000;0.2620;-2.8340;6.8517
618;4.2653;5.7076;0.0000;0.4410;-2.8170;7.5302
619;-4.2748;5.5300;0.0000;0.1856;-2.5641;4.4405
620;-4.0371;5.5271;0.0000;0.1571;-2.5932;4.1199
621;-3.7997;5.5275;0.0000;0.1872;-2.6315;3.9829
622;-3.5597;5.5278;0.0000;0.3017;-2.6566;4.4414
623;-3.3177;5.5276;0.0000;0.2675;-2.5928;4.5529
624;-3.0764;5.5276;0.0000;0.2223;-2.5353;4.1986
625;-2.8371;5.5268;0.0000;0.2858;-2.5674;4.5350
626;-2.6022;5.5256;0.0000;0.2483;-2.5794;4.8618
627;-2.3691;5.5288;0.0000;0.2401;-2.5790;4.8023
628;2.3504;5.5247;0.0000;0.2511;-2.7204;3.8093
629;2.5573;5.5318;0.0000;0.2910;-2.6973;4.5586
630;2.7875;5.5285;0.0000;0.3227;-2.6745;5.6006
631;3.0255;5.5274;0.0000;0.2816;-2.6894;5.9733
632;3.2662;5.5268;0.0000;0.2221;-2.6802;6.5499
633;3.5064;5.5261;0.0000;0.2234;-2.6469;7.1452
634;3.7423;5.5251;0.0000;0.2273;-2.6583;6.6767
635;3.9695;5.5244;0.0000;0.2337;-2.6843;7.1387
636;4.1894;5.5255;0.0000;0.3728;-2.7020;7.4361
637;-4.3496;5.3341;0.0000;0.1956;-2.5805;4.7594
638;-4.1443;5.3216;0.0000;0.1082;-2.5861;4.5144
639;-3.9166;5.3215;0.0000;0.1445;-2.5967;4.3521
640;-3.6798;5.3225;0.0000;0.2660;-2.6205;4.3224
641;-3.4388;5.3227;0.0000;0.3289;-2.6813;4.5254
642;-3.1971;5.3226;0.0000;0.1856;-2.6744;4.5350
643;-2.9567;5.3220;0.0000;0.2383;-2.6400;4.5385
644;-2.7209;5.3206;0.0000;0.2843;-2.6773;4.6732
645;-2.4955;5.3203;0.0000;0.2667;-2.6583;4.7301
646;-2.2935;5.3330;0.0000;0.2376;-2.6038;4.3346
647;2.4278;5.3263;0.0000;0.2696;-2.6869;3.9794
648;2.6665;5.3243;0.0000;0.3065;-2.6814;5.1006
649;2.9050;5.3227;0.0000;0.3032;-2.7274;6.0599
650;3.1454;5.3221;0.0000;0.2417;-2.7418;6.3828
651;3.3862;5.3213;0.0000;0.2023;-2.7271;7.1982
652;3.6246;5.3200;0.0000;0.2254;-2.7345;7.8189
653;3.8554;5.3184;0.0000;0.2312;-2.7502;7.6767
654;4.0720;5.3195;0.0000;0.2715;-2.7641;7.5017
655;4.2667;5.3483;0.0000;0.4671;-2.7539;7.5306
656;-4.2889;5.1199;0.0000;0.2333;-2.6835;4.5398
657;-4.0430;5.1164;0.0000;0.1192;-2.6540;4.4103
658;-3.8020;5.1170;0.0000;0.1638;-2.6209;4.3762
659;-3.5608;5.1176;0.0000;0.2559;-2.6372;4.4335
660;-3.3184;5.1176;0.0000;0.2091;-2.6414;4.1369
661;-3.0766;5.1173;0.0000;0.1771;-2.6180;4.2795
662;-2.8354;5.1166;0.0000;0.2688;-2.6187;4.2161
663;-2.5946;5.1154;0.0000;0.2898;-2.6282;4.5626
664;-2.3498;5.1190;0.0000;0.2573;-2.6229;4.5052
665;2.3336;5.1340;0.0000;0.3095;-2.6489;3.7507
666;2.5560;5.1221;0.0000;0.2812;-2.6708;4.3915
667;2.7878;5.1185;0.0000;0.2552;-2.6872;5.6951
668;3.0255;5.1175;0.0000;0.2641;-2.7185;6.4348
669;3.2660;5.1169;0.0000;0.2226;-2.7806;6.8088
670;3.5065;5.1159;0.0000;0.2041;-2.8463;7.2800
671;3.7446;5.1144;0.0000;0.2457;-2.8698;7.3832
672;3.9788;5.1143;0.0000;0.2726;-2.8735;7.3622
673;4.2143;5.1286;0.0000;0.4578;-2.8550;7.1220
674;-4.3516;4.9094;0.0000;0.3353;-2.7547;4.6999
675;-4.1481;4.9110;0.0000;0.2451;-2.7510;4.4724
676;-3.9180;4.9122;0.0000;0.1944;-2.6904;4.2664
677;-3.6805;4.9126;0.0000;0.1420;-2.6141;4.3364
678;-3.4399;4.9127;0.0000;0.1804;-2.5910;4.4860
679;-3.1979;4.9125;0.0000;0.2117;-2.5679;4.1999
680;-2.9565;4.9121;0.0000;0.2743;-2.5011;4.0429
681;-2.7184;4.9113;0.0000;0.2200;-2.4879;4.5857
682;-2.4887;4.9092;0.0000;0.2218;-2.5536;4.4138
683;-2.2859;4.9085;0.0000;0.2937;-2.6091;4.2253
684;2.4314;4.9271;0.0000;0.2829;-2.6434;4.3443
685;2.6683;4.9152;0.0000;0.2495;-2.6420;5.1907
686;2.9054;4.9127;0.0000;0.2567;-2.6150;5.6199
687;3.1453;4.9122;0.0000;0.2721;-2.6605;6.2275
688;3.3863;4.9118;0.0000;0.2128;-2.7520;6.5691
689;3.6259;4.9107;0.0000;0.2203;-2.8087;7.0626
690;3.8606;4.9097;0.0000;0.2544;-2.8071;6.8071
691;4.0840;4.9129;0.0000;0.2944;-2.7745;6.7375
692;4.2781;4.9173;0.0000;0.5745;-2.7474;6.7104
693;-4.2851;4.6973;0.0000;0.2929;-2.6506;4.2091
694;-4.0408;4.7077;0.0000;0.2809;-2.6650;4.1395
695;-3.8011;4.7077;0.0000;0.2162;-2.6217;4.2944
696;-3.5607;4.7075;0.0000;0.1467;-2.5561;4.5490
697;-3.3192;4.7074;0.0000;0.1782;-2.5552;4.4764
698;-3.0772;4.7070;0.0000;0.2639;-2.5758;4.4331
699;-2.8354;4.7064;0.0000;0.2514;-2.5459;4.7699
700;-2.5947;4.7049;0.0000;0.1788;-2.5145;4.5245
701;-2.3496;4.6946;0.0000;0.2707;-2.5371;4.4891
702;2.3592;4.7360;0.0000;0.3164;-2.5198;3.7533
703;2.5622;4.7130;0.0000;0.2535;-2.5057;4.1789
704;2.7894;4.7076;0.0000;0.2821;-2.5402;5.1479
705;3.0258;4.7069;0.0000;0.2850;-2.5533;5.6802
706;3.2660;4.7069;0.0000;0.2356;-2.5598;6.5359
707;3.5069;4.7065;0.0000;0.2097;-2.6173;6.2730
708;3.7466;4.7058;0.0000;0.2296;-2.6914;6.0901
709;3.9838;4.7054;0.0000;0.2570;-2.6963;5.6417
710;4.2212;4.7049;0.0000;0.5269;-2.7124;6.0923
711;-4.3423;4.4779;0.0000;0.2660;-2.6178;3.9829
712;-4.1386;4.5024;0.0000;0.2487;-2.5850;3.5787
713;-3.9139;4.5029;0.0000;0.2442;-2.6047;3.5564
714;-3.6794;4.5024;0.0000;0.1958;-2.6424;4.1553
715;-3.4399;4.5021;0.0000;0.2075;-2.6543;4.4248
716;-3.1983;4.5021;0.0000;0.2573;-2.6785;4.3723
717;-2.9573;4.5018;0.0000;0.2518;-2.6971;4.5980
718;-2.7203;4.5008;0.0000;0.1983;-2.6466;4.6710
719;-2.4927;4.4959;0.0000;0.1894;-2.5846;4.5595
720;-2.2884;4.4734;0.0000;0.2405;-2.5729;4.7003
721;2.4193;4.5150;0.0000;0.3487;-2.2890;3.8412
722;2.6634;4.5036;0.0000;0.2736;-2.3834;4.6986
723;2.9037;4.5017;0.0000;0.2773;-2.4450;5.2883
724;3.1445;4.5014;0.0000;0.2402;-2.4466;5.8727
725;3.3858;4.5013;0.0000;0.2303;-2.4532;6.1807
726;3.6260;4.5013;0.0000;0.2670;-2.4905;5.9024
727;3.8613;4.5009;0.0000;0.2527;-2.5519;5.7419
728;4.0851;4.4975;0.0000;0.3007;-2.6064;5.8241
729;4.2806;4.4942;0.0000;0.6174;-2.6562;5.7555
730;-4.2597;4.2979;0.0000;0.1970;-2.6156;3.8023
731;-4.0308;4.2969;0.0000;0.1932;-2.5833;3.5017
732;-3.7981;4.2969;0.0000;0.1944;-2.6071;3.9624
733;-3.5602;4.2971;0.0000;0.2337;-2.6542;4.2800
734;-3.3195;4.2971;0.0000;0.2646;-2.6811;4.3815
735;-3.0777;4.2969;0.0000;0.2481;-2.6785;4.4344
736;-2.8372;4.2960;0.0000;0.2348;-2.6892;4.3543
737;-2.5992;4.2931;0.0000;0.2050;-2.6808;4.2533
738;-2.3614;4.2817;0.0000;0.2051;-2.6396;4.2664
739;2.3547;4.3005;0.0000;0.3565;-2.2732;3.5849
740;2.5573;4.2993;0.0000;0.2981;-2.3153;4.5004
741;2.7868;4.2967;0.0000;0.2820;-2.3548;4.7472
742;3.0245;4.2960;0.0000;0.2511;-2.3899;5.4987
743;3.2650;4.2959;0.0000;0.2053;-2.4241;5.9121
744;3.5059;4.2959;0.0000;0.2473;-2.4179;5.7371
745;3.7452;4.2958;0.0000;0.2898;-2.4084;5.4042
746;3.9811;4.2947;0.0000;0.3256;-2.4702;5.0101
747;4.2194;4.2820;0.0000;0.5219;-2.5252;5.2161
748;-4.3392;4.1207;0.0000;0.2352;-2.5637;3.9239
749;-4.1366;4.0923;0.0000;0.1561;-2.5455;3.7310
750;-3.9133;4.0906;0.0000;0.1178;-2.5280;3.4291
751;-3.6798;4.0912;0.0000;0.1935;-2.5178;3.7940
752;-3.4405;4.0918;0.0000;0.2805;-2.5251;4.2069
753;-3.1989;4.0919;0.0000;0.2776;-2.5383;4.1002
754;-2.9576;4.0914;0.0000;0.2140;-2.5827;4.1531
755;-2.7192;4.0899;0.0000;0.2282;-2.6222;3.9204
756;-2.4866;4.0860;0.0000;0.1981;-2.5945;4.2979
757;-2.2614;4.0762;0.0000;0.1942;-2.5018;4.3491
758;2.4187;4.0894;0.0000;0.3010;-2.4264;4.1111
759;2.6628;4.0920;0.0000;0.2760;-2.3896;4.9829
760;2.9029;4.0909;0.0000;0.2601;-2.4235;5.1737
761;3.1437;4.0905;0.0000;0.2396;-2.4595;5.3850
762;3.3849;4.0904;0.0000;0.2337;-2.4790;5.3163
763;3.6242;4.0902;0.0000;0.2719;-2.4802;4.8727
764;3.8573;4.0900;0.0000;0.3080;-2.4852;4.8360
765;4.0779;4.0883;0.0000;0.3797;-2.5305;4.6238
766;4.2769;4.0611;0.0000;0.5836;-2.5502;4.4895
767;-4.2803;3.9004;0.0000;0.2868;-2.4462;3.6964
768;-4.0387;3.8862;0.0000;0.1388;-2.4872;3.7629
769;-3.8012;3.8853;0.0000;0.1378;-2.4946;3.8368
770;-3.5617;3.8859;0.0000;0.2305;-2.4848;3.8290
771;-3.3202;3.8863;0.0000;0.2642;-2.4679;3.8338
772;-3.0783;3.8862;0.0000;0.2108;-2.4469;3.9164
773;-2.8374;3.8855;0.0000;0.2042;-2.4015;3.7782
774;-2.5977;3.8835;0.0000;0.2683;-2.3649;4.0297
775;-2.3570;3.8829;0.0000;0.2051;-2.3662;4.2297
776;2.3616;3.8750;0.0000;0.2856;-2.4455;4.0188
777;2.5637;3.8861;0.0000;0.2577;-2.4431;4.6452
778;2.7892;3.8860;0.0000;0.2407;-2.4907;5.0731
779;3.0246;3.8853;0.0000;0.2288;-2.5479;5.4545
780;3.2644;3.8851;0.0000;0.2643;-2.5487;5.7988
781;3.5048;3.8849;0.0000;0.2920;-2.5583;5.3399
782;3.7424;3.8842;0.0000;0.3146;-2.5564;5.1238
783;3.9731;3.8834;0.0000;0.3354;-2.5299;5.1185
784;4.1986;3.8823;0.0000;0.5051;-2.5010;4.4580
785;-4.3438;3.6883;0.0000;0.3905;-2.5328;3.7734
786;-4.1447;3.6840;0.0000;0.2010;-2.5635;3.6597
787;-3.9178;3.6803;0.0000;0.1430;-2.5844;3.4864
788;-3.6816;3.6804;0.0000;0.2059;-2.5137;3.3430
789;-3.4415;3.6808;0.0000;0.2417;-2.4422;3.4252
790;-3.1995;3.6808;0.0000;0.2996;-2.4435;3.7817
791;-2.9577;3.6802;0.0000;0.1868;-2.4108;3.9991
792;-2.7190;3.6784;0.0000;0.1709;-2.4042;3.9278
793;-2.4873;3.6754;0.0000;0.1775;-2.4273;4.0700
794;-2.2776;3.6859;0.0000;0.2004;-2.4358;4.0179
795;2.4363;3.6779;0.0000;0.2367;-2.5419;4.1675
796;2.6701;3.6799;0.0000;0.2542;-2.5369;4.8110
797;2.9054;3.6800;0.0000;0.2276;-2.5407;5.3933
798;3.1439;3.6799;0.0000;0.2393;-2.5538;5.9475
799;3.3845;3.6796;0.0000;0.2939;-2.5465;5.8898
800;3.6237;3.6790;0.0000;0.3162;-2.5343;5.9921
801;3.8572;3.6774;0.0000;0.3296;-2.5070;5.7598
802;4.0786;3.6773;0.0000;0.3936;-2.4751;5.1999
803;4.2796;3.7026;0.0000;0.6150;-2.4753;4.8780
804;-4.2833;3.4774;0.0000;0.3402;-2.6944;3.1194
805;-4.0422;3.4761;0.0000;0.1649;-2.6370;3.2988
806;-3.8031;3.4756;0.0000;0.1798;-2.5716;3.2695
807;-3.5627;3.4751;0.0000;0.2471;-2.4878;3.3001
808;-3.3208;3.4754;0.0000;0.2971;-2.4182;3.6890
809;-3.0780;3.4752;0.0000;0.2246;-2.4081;3.9514
810;-2.8352;3.4745;0.0000;0.1570;-2.4832;4.1146
811;-2.5903;3.4735;0.0000;0.1233;-2.6049;4.1728
812;-2.3352;3.4713;0.0000;0.1742;-2.6532;4.2450
813;2.3442;3.4812;0.0000;0.2337;-2.6474;3.4808
814;2.5617;3.4765;0.0000;0.2388;-2.6659;4.8937
815;2.7896;3.4745;0.0000;0.2491;-2.5983;5.6107
816;3.0248;3.4744;0.0000;0.2139;-2.5321;6.3745
817;3.2643;3.4743;0.0000;0.2802;-2.5240;6.6592
818;3.5052;3.4740;0.0000;0.2905;-2.5181;6.6715
819;3.7448;3.4728;0.0000;0.3323;-2.5017;6.7082
820;3.9829;3.4721;0.0000;0.4005;-2.4832;6.2559
821;4.2252;3.4835;0.0000;0.5681;-2.5126;5.6925
822;-4.3409;3.2648;0.0000;0.3362;-2.6731;3.0385
823;-4.1431;3.2687;0.0000;0.2205;-2.6181;3.1269
824;-3.9175;3.2708;0.0000;0.1368;-2.5124;3.2353
825;-3.6821;3.2704;0.0000;0.2002;-2.5502;3.5000
826;-3.4419;3.2700;0.0000;0.2859;-2.5857;3.3990
827;-3.1998;3.2698;0.0000;0.2738;-2.5188;3.7585
828;-2.9579;3.2696;0.0000;0.1934;-2.4950;3.8075
829;-2.7178;3.2697;0.0000;0.1815;-2.5159;3.8298
830;-2.4834;3.2704;0.0000;0.1211;-2.5866;4.0407
831;-2.2677;3.2510;0.0000;0.1965;-2.6226;4.1492
832;2.4395;3.2792;0.0000;0.2542;-2.6705;4.6592
833;2.6718;3.2707;0.0000;0.2776;-2.6512;5.5367
834;2.9061;3.2691;0.0000;0.2353;-2.6040;6.1811
835;3.1442;3.2689;0.0000;0.2430;-2.5690;7.0538
836;3.3848;3.2689;0.0000;0.2816;-2.5716;6.9309
837;3.6250;3.2683;0.0000;0.2928;-2.5557;6.9121
838;3.8620;3.2675;0.0000;0.3782;-2.5492;7.2266
839;4.0906;3.2691;0.0000;0.4360;-2.5718;6.6483
840;4.2918;3.2706;0.0000;0.6235;-2.6031;6.9606
841;-4.2763;3.0531;0.0000;0.2394;-2.6562;3.3775
842;-4.0377;3.0649;0.0000;0.1933;-2.6148;3.3924
843;-3.8012;3.0653;0.0000;0.1947;-2.6094;3.1654
844;-3.5624;3.0652;0.0000;0.2222;-2.6548;3.2262
845;-3.3213;3.0649;0.0000;0.2561;-2.6827;3.6133
846;-3.0789;3.0645;0.0000;0.2436;-2.6758;3.5884
847;-2.8366;3.0643;0.0000;0.2357;-2.6234;3.9291
848;-2.5951;3.0646;0.0000;0.1852;-2.5590;4.0923
849;-2.3523;3.0624;0.0000;0.1987;-2.5268;4.0945
850;2.3686;3.0853;0.0000;0.2084;-2.4871;4.7686
851;2.5676;3.0673;0.0000;0.2627;-2.5152;5.4471
852;2.7911;3.0636;0.0000;0.2660;-2.5547;5.9974
853;3.0253;3.0634;0.0000;0.2320;-2.5903;6.7419
854;3.2645;3.0637;0.0000;0.2731;-2.6117;7.5048
855;3.5056;3.0636;0.0000;0.2901;-2.6088;7.4584
856;3.7463;3.0632;0.0000;0.3521;-2.6132;7.5315
857;3.9866;3.0634;0.0000;0.4123;-2.6512;7.7161
858;4.2300;3.0600;0.0000;0.5518;-2.6750;7.4291
859;-4.3318;2.8326;0.0000;0.2829;-2.6665;3.3600
860;-4.1330;2.8592;0.0000;0.1851;-2.6752;3.4567
861;-3.9124;2.8604;0.0000;0.1674;-2.6838;3.6290
862;-3.6801;2.8602;0.0000;0.2128;-2.6637;3.5066
863;-3.4413;2.8600;0.0000;0.2731;-2.6514;3.7603
864;-3.1998;2.8598;0.0000;0.2739;-2.6765;3.9501
865;-2.9578;2.8595;0.0000;0.1873;-2.6844;4.0766
866;-2.7174;2.8594;0.0000;0.1708;-2.6471;4.1356
867;-2.4807;2.8613;0.0000;0.2352;-2.5653;4.1142
868;-2.2487;2.8720;0.0000;0.2779;-2.5243;4.4431
869;2.4271;2.8680;0.0000;0.1841;-2.4384;4.9239
870;2.6664;2.8590;0.0000;0.2324;-2.4793;5.9274
871;2.9040;2.8581;0.0000;0.2380;-2.5201;6.7437
872;3.1434;2.8584;0.0000;0.2639;-2.5473;7.3456
873;3.3844;2.8586;0.0000;0.3030;-2.5653;7.7183
874;3.6249;2.8585;0.0000;0.3248;-2.5817;7.9326
875;3.8612;2.8585;0.0000;0.3861;-2.6006;7.8819
876;4.0872;2.8578;0.0000;0.4009;-2.6227;8.1400
877;4.2898;2.8456;0.0000;0.6116;-2.6530;7.8465
878;-4.2519;2.6534;0.0000;0.2591;-2.7030;3.5739
879;-4.0271;2.6542;0.0000;0.1604;-2.7152;3.5564
880;-3.7973;2.6544;0.0000;0.1556;-2.6768;3.8451
881;-3.5611;2.6546;0.0000;0.2429;-2.6402;3.7660
882;-3.3207;2.6547;0.0000;0.3097;-2.6647;3.8513
883;-3.0784;2.6545;0.0000;0.2569;-2.6988;4.3373
884;-2.8361;2.6543;0.0000;0.1360;-2.6904;4.4926
885;-2.5942;2.6556;0.0000;0.2074;-2.6240;4.6321
886;-2.3489;2.6673;0.0000;0.3054;-2.5669;4.4156
887;2.3622;2.6600;0.0000;0.2087;-2.5316;4.8268
888;2.5620;2.6544;0.0000;0.1987;-2.5210;5.4016
889;2.7885;2.6532;0.0000;0.2279;-2.4987;6.1632
890;3.0242;2.6530;0.0000;0.2478;-2.4841;7.1570
891;3.2640;2.6532;0.0000;0.2933;-2.4909;7.6549
892;3.5051;2.6533;0.0000;0.3065;-2.5073;7.6369
893;3.7448;2.6529;0.0000;0.3387;-2.5376;8.3836
894;3.9812;2.6522;0.0000;0.3633;-2.5631;7.8342
895;4.2165;2.6493;0.0000;0.5096;-2.6074;8.1942
896;-4.3291;2.4729;0.0000;0.2796;-2.7247;3.6934
897;-4.1308;2.4494;0.0000;0.1707;-2.7814;3.8508
898;-3.9112;2.4484;0.0000;0.1387;-2.8130;3.7323
899;-3.6796;2.4490;0.0000;0.1764;-2.8127;3.9799
900;-3.4414;2.4494;0.0000;0.2823;-2.8216;3.8661
901;-3.1999;2.4496;0.0000;0.3428;-2.8380;3.8535
902;-2.9575;2.4494;0.0000;0.2190;-2.8113;4.1500
903;-2.7169;2.4489;0.0000;0.1391;-2.7347;4.5849
904;-2.4821;2.4531;0.0000;0.2389;-2.7315;4.6710
905;-2.2682;2.4792;0.0000;0.3195;-2.7293;4.5507
906;2.4278;2.4443;0.0000;0.2232;-2.6419;5.0888
907;2.6668;2.4483;0.0000;0.2254;-2.6153;5.8906
908;2.9043;2.4480;0.0000;0.2660;-2.6025;6.7865
909;3.1437;2.4479;0.0000;0.2763;-2.6005;7.7283
910;3.3846;2.4479;0.0000;0.2798;-2.5915;8.2437
911;3.6250;2.4477;0.0000;0.2842;-2.5931;8.1225
912;3.8619;2.4473;0.0000;0.3213;-2.6162;7.8141
913;4.0920;2.4480;0.0000;0.3494;-2.6473;7.6999
914;4.3133;2.4527;0.0000;0.6148;-2.7068;7.7970
915;-4.2724;2.2559;0.0000;0.2245;-2.7949;3.7056
916;-4.0354;2.2444;0.0000;0.1715;-2.7837;3.6312
917;-3.8004;2.2441;0.0000;0.1541;-2.8292;3.8206
918;-3.5624;2.2447;0.0000;0.2333;-2.8870;4.1277
919;-3.3213;2.2450;0.0000;0.3336;-2.8743;4.2108
920;-3.0781;2.2450;0.0000;0.3079;-2.8252;4.1312
921;-2.8337;2.2443;0.0000;0.2000;-2.8585;4.1925
922;-2.5862;2.2452;0.0000;0.1632;-2.8874;4.3797
923;-2.3293;2.2584;0.0000;0.2796;-2.8766;4.2480
924;2.3742;2.2277;0.0000;0.2360;-2.7946;4.6080
925;2.5703;2.2420;0.0000;0.2054;-2.7852;5.1325
926;2.7922;2.2433;0.0000;0.2619;-2.7814;6.1417
927;3.0257;2.2430;0.0000;0.2620;-2.7834;6.9672
928;3.2645;2.2430;0.0000;0.2735;-2.7801;7.3626
929;3.5053;2.2428;0.0000;0.2994;-2.7606;7.5035
930;3.7450;2.2423;0.0000;0.2982;-2.7415;6.5770
931;3.9819;2.2429;0.0000;0.3105;-2.7339;6.9164
932;4.2183;2.2508;0.0000;0.4890;-2.7547;7.4514
933;-4.3353;2.0445;0.0000;0.2362;-2.7301;3.9895
934;-4.1396;2.0424;0.0000;0.1829;-2.7153;3.7756
935;-3.9158;2.0397;0.0000;0.1581;-2.7311;3.7563
936;-3.6816;2.0398;0.0000;0.2372;-2.7630;4.1850
937;-3.4422;2.0404;0.0000;0.2896;-2.7802;4.2839
938;-3.2003;2.0402;0.0000;0.2812;-2.7703;4.0844
939;-2.9570;2.0401;0.0000;0.2628;-2.8099;3.9453
940;-2.7130;2.0404;0.0000;0.2229;-2.8971;3.9493
941;-2.4721;2.0423;0.0000;0.1629;-2.8805;4.4418
942;-2.2550;2.0472;0.0000;0.2800;-2.8269;4.8399
943;2.4459;2.0320;0.0000;0.2056;-2.7990;4.4983
944;2.6749;2.0374;0.0000;0.2366;-2.8128;5.5223
945;2.9072;2.0379;0.0000;0.2493;-2.8193;6.6697
946;3.1445;2.0382;0.0000;0.2672;-2.8228;7.0289
947;3.3847;2.0381;0.0000;0.3194;-2.8339;7.2082
948;3.6252;2.0376;0.0000;0.3319;-2.8343;6.8955
949;3.8620;2.0369;0.0000;0.3252;-2.8276;7.1374
950;4.0897;2.0391;0.0000;0.3379;-2.8264;7.3850
951;4.2945;2.0587;0.0000;0.6181;-2.8107;7.4453
952;-4.2740;1.8351;0.0000;0.1976;-2.6560;4.1894
953;-4.0377;1.8362;0.0000;0.1529;-2.6872;4.1444
954;-3.8021;1.8353;0.0000;0.2179;-2.6921;3.9405
955;-3.5632;1.8354;0.0000;0.3392;-2.7115;4.1251
956;-3.3216;1.8356;0.0000;0.3035;-2.7368;4.2948
957;-3.0784;1.8356;0.0000;0.2447;-2.7463;4.1150
958;-2.8330;1.8359;0.0000;0.2681;-2.7378;3.9598
959;-2.5829;1.8366;0.0000;0.1997;-2.7397;3.9961
960;-2.3223;1.8329;0.0000;0.2226;-2.6971;4.5070
961;2.3562;1.8314;0.0000;0.2220;-2.7004;4.4847
962;2.5688;1.8331;0.0000;0.2154;-2.7076;5.1146
963;2.7929;1.8328;0.0000;0.2538;-2.7398;5.6299
964;3.0260;1.8331;0.0000;0.2579;-2.7624;6.5328
965;3.2647;1.8334;0.0000;0.2651;-2.7874;6.8250
966;3.5057;1.8333;0.0000;0.3096;-2.8081;7.3045
967;3.7473;1.8326;0.0000;0.3664;-2.8155;6.6002
968;3.9897;1.8327;0.0000;0.3878;-2.8278;7.3683
969;4.2377;1.8405;0.0000;0.5309;-2.7948;7.7870
970;-4.3283;1.6228;0.0000;0.1756;-2.8008;4.5424
971;-4.1342;1.6314;0.0000;0.1894;-2.7640;4.1290
972;-3.9142;1.6308;0.0000;0.1740;-2.7724;4.2769
973;-3.6816;1.6304;0.0000;0.2941;-2.7836;4.3001
974;-3.4426;1.6307;0.0000;0.3458;-2.7540;4.4615
975;-3.2007;1.6307;0.0000;0.3118;-2.7090;4.4269
976;-2.9574;1.6308;0.0000;0.2376;-2.6848;4.2384
977;-2.7142;1.6314;0.0000;0.2417;-2.6573;3.9948
978;-2.4752;1.6306;0.0000;0.1993;-2.6082;4.1645
979;-2.2546;1.6139;0.0000;0.2305;-2.5906;4.5997
980;2.4485;1.6336;0.0000;0.2077;-2.6473;5.3176
981;2.6761;1.6281;0.0000;0.2632;-2.6827;5.9081
982;2.9079;1.6277;0.0000;0.3032;-2.7321;6.0621
983;3.1450;1.6282;0.0000;0.2595;-2.7557;7.1693
984;3.3849;1.6286;0.0000;0.2330;-2.7365;7.3640
985;3.6260;1.6283;0.0000;0.3227;-2.7398;7.5547
986;3.8654;1.6281;0.0000;0.3799;-2.7528;7.3902
987;4.0986;1.6282;0.0000;0.3928;-2.7255;7.5717
988;4.3064;1.6257;0.0000;0.6064;-2.6926;7.9418
989;-4.2577;1.4246;0.0000;0.2311;-2.8576;4.6177
990;-4.0307;1.4259;0.0000;0.2262;-2.8709;4.2633
991;-3.7999;1.4258;0.0000;0.2074;-2.8988;4.5713
992;-3.5631;1.4259;0.0000;0.3168;-2.8594;4.6811
993;-3.3223;1.4258;0.0000;0.3488;-2.7925;4.7327
994;-3.0792;1.4257;0.0000;0.2698;-2.7548;4.4689
995;-2.8353;1.4258;0.0000;0.2174;-2.6958;4.4703
996;-2.5894;1.4250;0.0000;0.2395;-2.6722;4.4178
997;-2.3387;1.4203;0.0000;0.2191;-2.6698;4.6190
998;2.3779;1.4366;0.0000;0.1764;-2.6909;4.6225
999;2.5725;1.4239;0.0000;0.2407;-2.7219;5.1982
1000;2.7933;1.4222;0.0000;0.3236;-2.7102;6.4764
1001;3.0262;1.4230;0.0000;0.3032;-2.6841;6.6220
1002;3.2648;1.4235;0.0000;0.2195;-2.6667;7.5910
1003;3.5057;1.4236;0.0000;0.2619;-2.6702;7.9746
1004;3.7477;1.4236;0.0000;0.3136;-2.6965;7.4694
1005;3.9905;1.4232;0.0000;0.3648;-2.6980;7.4296
1006;4.2391;1.4152;0.0000;0.5405;-2.6736;7.7388
1007;-4.3448;1.2276;0.0000;0.2625;-2.7788;4.6019
1008;-4.1357;1.2231;0.0000;0.2807;-2.8058;4.3810
1009;-3.9137;1.2211;0.0000;0.1263;-2.8729;4.4624
1010;-3.6817;1.2211;0.0000;0.2461;-2.8610;4.5783
1011;-3.4431;1.2211;0.0000;0.3327;-2.8147;4.6575
1012;-3.2014;1.2210;0.0000;0.3076;-2.8012;4.5984
1013;-2.9582;1.2209;0.0000;0.2310;-2.7430;4.7165
1014;-2.7146;1.2210;0.0000;0.2271;-2.7175;4.7817
1015;-2.4713;1.2206;0.0000;0.2235;-2.7558;4.7708
1016;-2.2316;1.2246;0.0000;0.2727;-2.7433;4.7782
1017;2.4346;1.2228;0.0000;0.1679;-2.7119;4.8456
1018;2.6699;1.2178;0.0000;0.2720;-2.6896;5.7520
1019;2.9054;1.2176;0.0000;0.3078;-2.6582;6.3762
1020;3.1439;1.2181;0.0000;0.2687;-2.6228;7.0302
1021;3.3843;1.2185;0.0000;0.2482;-2.6233;7.6619
1022;3.6252;1.2186;0.0000;0.2696;-2.6681;7.8535
1023;3.8631;1.2186;0.0000;0.3039;-2.7121;7.7472
1024;4.0929;1.2158;0.0000;0.3710;-2.7262;7.8727
1025;4.3010;1.1973;0.0000;0.5846;-2.7267;7.8298
1026;-4.2542;1.0251;0.0000;0.3411;-2.7739;4.9886
1027;-4.0289;1.0172;0.0000;0.1403;-2.8535;4.7686
1028;-3.7996;1.0163;0.0000;0.1141;-2.8774;4.5879
1029;-3.5634;1.0162;0.0000;0.2993;-2.8485;4.5512
1030;-3.3229;1.0163;0.0000;0.3141;-2.8573;4.6584
1031;-3.0803;1.0162;0.0000;0.3070;-2.8592;5.0048
1032;-2.8362;1.0166;0.0000;0.2575;-2.8321;4.9860
1033;-2.5901;1.0188;0.0000;0.2251;-2.8654;5.1448
1034;-2.3357;1.0231;0.0000;0.2612;-2.9066;4.6098
1035;2.3741;1.0144;0.0000;0.1283;-2.6784;4.6780
1036;2.5682;1.0125;0.0000;0.2220;-2.6513;5.3176
1037;2.7913;1.0132;0.0000;0.3205;-2.6608;6.4164
1038;3.0251;1.0132;0.0000;0.3151;-2.6847;6.9873
1039;3.2640;1.0133;0.0000;0.2687;-2.6768;7.3915
1040;3.5051;1.0134;0.0000;0.2578;-2.6936;8.1920
1041;3.7459;1.0133;0.0000;0.2775;-2.7266;8.0306
1042;3.9851;1.0118;0.0000;0.3142;-2.7527;7.9388
1043;4.2255;1.0045;0.0000;0.4561;-2.7690;7.8876
1044;-4.3221;0.8295;0.0000;0.3363;-2.8567;4.9576
1045;-4.1307;0.8141;0.0000;0.2699;-2.8954;4.5569
1046;-3.9129;0.8112;0.0000;0.1339;-2.8417;4.5306
1047;-3.6817;0.8114;0.0000;0.2357;-2.8338;4.6369
1048;-3.4436;0.8116;0.0000;0.3085;-2.8911;4.4370
1049;-3.2022;0.8119;0.0000;0.3206;-2.9282;4.9449
1050;-2.9599;0.8120;0.0000;0.2899;-2.9538;5.0512
1051;-2.7195;0.8139;0.0000;0.2324;-2.9332;4.9143
1052;-2.4839;0.8199;0.0000;0.2502;-2.9429;4.5245
1053;-2.2583;0.8261;0.0000;0.2674;-2.9573;4.5787
1054;2.4377;0.8010;0.0000;0.1383;-2.6847;4.7493
1055;2.6718;0.8086;0.0000;0.2820;-2.6817;5.5691
1056;2.9061;0.8086;0.0000;0.3822;-2.6750;6.2703
1057;3.1440;0.8085;0.0000;0.3191;-2.6711;7.2069
1058;3.3843;0.8085;0.0000;0.2222;-2.6978;8.1308
1059;3.6251;0.8084;0.0000;0.2494;-2.7336;8.3771
1060;3.8642;0.8079;0.0000;0.3212;-2.7374;7.7056
1061;4.0986;0.8065;0.0000;0.3246;-2.7361;7.8731
1062;4.3266;0.8044;0.0000;0.5283;-2.7601;7.6837
1063;-4.2670;0.6144;0.0000;0.3325;-2.8793;5.0381
1064;-4.0349;0.6072;0.0000;0.2569;-2.8247;4.7927
1065;-3.8016;0.6063;0.0000;0.1706;-2.7916;4.6553
1066;-3.5643;0.6068;0.0000;0.2618;-2.8177;4.7222
1067;-3.3237;0.6071;0.0000;0.3169;-2.8268;4.9742
1068;-3.0819;0.6073;0.0000;0.3083;-2.8256;4.9213
1069;-2.8417;0.6076;0.0000;0.2614;-2.8608;4.7012
1070;-2.6088;0.6093;0.0000;0.2290;-2.8333;4.8530
1071;-2.3929;0.6120;0.0000;0.2255;-2.7814;4.8635
1072;-2.2076;0.6128;0.0000;0.2137;-2.8079;4.8696
1073;2.3861;0.5837;0.0000;0.1991;-2.7457;5.0801
1074;2.5792;0.6041;0.0000;0.2252;-2.7207;4.9488
1075;2.7961;0.6040;0.0000;0.3488;-2.7046;5.2122
1076;3.0269;0.6035;0.0000;0.3753;-2.7055;6.2060
1077;3.2646;0.6033;0.0000;0.2420;-2.7297;7.8150
1078;3.5050;0.6035;0.0000;0.2115;-2.7556;8.1059
1079;3.7459;0.6033;0.0000;0.3110;-2.7561;8.1570
1080;3.9862;0.6028;0.0000;0.3155;-2.7399;7.7721
1081;4.2283;0.6070;0.0000;0.4235;-2.7479;8.3136
1082;-4.3246;0.4050;0.0000;0.3882;-2.7647;5.3618
1083;-4.1348;0.4030;0.0000;0.2947;-2.7454;5.0818
1084;-3.9148;0.4020;0.0000;0.1681;-2.7564;5.1369
1085;-3.6827;0.4020;0.0000;0.1667;-2.7432;4.8863
1086;-3.4443;0.4022;0.0000;0.2619;-2.7130;4.8290
1087;-3.2030;0.4022;0.0000;0.3086;-2.6918;4.9563
1088;-2.9617;0.4021;0.0000;0.2622;-2.7041;4.9309
1089;-2.7232;0.4024;0.0000;0.2404;-2.7374;4.7651
1090;-2.4909;0.4024;0.0000;0.2171;-2.7260;4.8272
1091;-2.2626;0.4014;0.0000;0.2117;-2.7335;4.7743
1092;2.4636;0.4005;0.0000;0.2531;-2.8244;5.3145
1093;2.6834;0.3983;0.0000;0.2771;-2.8051;5.5626
1094;2.9104;0.3980;0.0000;0.3332;-2.8049;5.5962
1095;3.1453;0.3983;0.0000;0.2966;-2.8314;6.8246
1096;3.3844;0.3986;0.0000;0.2410;-2.8422;8.1190
1097;3.6252;0.3985;0.0000;0.3058;-2.8262;7.7060
1098;3.8645;0.3975;0.0000;0.3050;-2.8002;7.7174
1099;4.0967;0.3978;0.0000;0.2718;-2.7726;7.8696
1100;4.3078;0.4140;0.0000;0.4888;-2.7577;7.9899
1101;-4.2652;0.1935;0.0000;0.3287;-2.6674;5.1080
1102;-4.0343;0.1970;0.0000;0.2179;-2.6984;5.1470
1103;-3.8016;0.1971;0.0000;0.1865;-2.7376;5.0057
1104;-3.5645;0.1971;0.0000;0.2048;-2.7223;4.7375
1105;-3.3243;0.1971;0.0000;0.2822;-2.7033;4.8333
1106;-3.0826;0.1970;0.0000;0.2884;-2.7327;4.9672
1107;-2.8433;0.1969;0.0000;0.2036;-2.7644;5.0503
1108;-2.6112;0.1966;0.0000;0.1945;-2.7927;4.8780
1109;-2.3935;0.1938;0.0000;0.2244;-2.8315;5.1264
1110;-2.2050;0.1918;0.0000;0.2799;-2.8467;4.9339
1111;2.3898;0.2227;0.0000;0.2316;-2.8349;5.2047
1112;2.5822;0.1947;0.0000;0.2484;-2.8478;5.4663
1113;2.7979;0.1923;0.0000;0.2664;-2.8660;5.8504
1114;3.0273;0.1929;0.0000;0.3084;-2.8530;6.3871
1115;3.2645;0.1936;0.0000;0.3229;-2.8406;7.5604
1116;3.5055;0.1939;0.0000;0.3265;-2.8288;7.7983
1117;3.7485;0.1936;0.0000;0.2981;-2.8069;7.6076
1118;3.9941;0.1925;0.0000;0.2395;-2.7948;7.6185
1119;4.2481;0.1975;0.0000;0.3910;-2.7735;7.3535
1120;-4.3174;-0.0212;0.0000;0.2740;-2.7471;4.9703
1121;-4.1287;-0.0105;0.0000;0.1957;-2.7800;4.9746
1122;-3.9129;-0.0088;0.0000;0.1949;-2.8139;5.3045
1123;-3.6821;-0.0078;0.0000;0.2415;-2.8129;5.1072
1124;-3.4443;-0.0078;0.0000;0.2435;-2.8027;4.8250
1125;-3.2035;-0.0078;0.0000;0.2727;-2.8363;5.1045
1126;-2.9628;-0.0080;0.0000;0.1859;-2.8761;4.9160
1127;-2.7258;-0.0081;0.0000;0.1704;-2.8631;5.0827
1128;-2.4944;-0.0091;0.0000;0.2327;-2.8637;4.9195
1129;-2.2640;-0.0196;0.0000;0.3228;-2.8818;4.8246
1130;2.4444;0.0033;0.0000;0.1903;-2.8044;5.0822
1131;2.6754;-0.0114;0.0000;0.2340;-2.7995;5.4283
1132;2.9072;-0.0124;0.0000;0.2870;-2.8150;6.0389
1133;3.1438;-0.0116;0.0000;0.3543;-2.8158;7.2489
1134;3.3842;-0.0109;0.0000;0.3722;-2.8061;7.4532
1135;3.6262;-0.0107;0.0000;0.3126;-2.7871;7.1255
1136;3.8678;-0.0113;0.0000;0.2323;-2.7826;7.7703
1137;4.1052;-0.0131;0.0000;0.2200;-2.8119;7.3211
1138;4.3187;-0.0159;0.0000;0.4489;-2.8229;7.5534
1139;-4.2496;-0.2222;0.0000;0.1998;-2.9017;5.0717
1140;-4.0296;-0.2181;0.0000;0.1677;-2.9127;5.2060
1141;-3.8007;-0.2142;0.0000;0.1864;-2.8756;5.0661
1142;-3.5647;-0.2129;0.0000;0.2229;-2.8893;5.0140
1143;-3.3248;-0.2126;0.0000;0.2682;-2.9121;4.7795
1144;-3.0836;-0.2125;0.0000;0.2509;-2.8849;5.0499
1145;-2.8453;-0.2128;0.0000;0.1953;-2.8646;5.2738
1146;-2.6151;-0.2134;0.0000;0.2158;-2.8742;4.9847
1147;-2.4000;-0.2147;0.0000;0.2708;-2.8925;4.8500
1148;-2.2082;-0.2382;0.0000;0.3018;-2.8760;4.5538
1149;2.3843;-0.2080;0.0000;0.1497;-2.8082;4.7594
1150;2.5732;-0.2127;0.0000;0.1989;-2.8566;5.3885
1151;2.7927;-0.2171;0.0000;0.2940;-2.8669;5.7528
1152;3.0250;-0.2167;0.0000;0.3477;-2.8692;6.6347
1153;3.2635;-0.2160;0.0000;0.3582;-2.8646;7.2209
1154;3.5052;-0.2154;0.0000;0.3305;-2.8577;7.5726
1155;3.7486;-0.2153;0.0000;0.2574;-2.8696;7.5022
1156;3.9945;-0.2167;0.0000;0.2056;-2.8817;7.5626
1157;4.2484;-0.2285;0.0000;0.3741;-2.9013;7.7148
1158;-4.3310;-0.4267;0.0000;0.2157;-2.9464;5.4243
1159;-4.1382;-0.4322;0.0000;0.1672;-2.9396;5.1216
1160;-3.9176;-0.4227;0.0000;0.1478;-2.9129;5.1675
1161;-3.6846;-0.4188;0.0000;0.1964;-2.9257;4.8775
1162;-3.4458;-0.4174;0.0000;0.2398;-2.9599;4.9418
1163;-3.2046;-0.4172;0.0000;0.2474;-2.9341;4.7546
1164;-2.9642;-0.4177;0.0000;0.2255;-2.8629;4.7708
1165;-2.7283;-0.4184;0.0000;0.2440;-2.8842;5.0420
1166;-2.5012;-0.4192;0.0000;0.2624;-2.9252;4.7038
1167;-2.2820;-0.4190;0.0000;0.2764;-2.9122;4.4895
1168;2.4432;-0.4187;0.0000;0.1751;-2.9421;4.9357
1169;2.6717;-0.4212;0.0000;0.2417;-2.9769;5.3736
1170;2.9048;-0.4217;0.0000;0.3452;-2.9702;6.6352
1171;3.1426;-0.4209;0.0000;0.3387;-2.9731;7.1732
1172;3.3833;-0.4202;0.0000;0.3078;-2.9832;7.3583
1173;3.6251;-0.4198;0.0000;0.2760;-2.9599;7.6159
1174;3.8654;-0.4201;0.0000;0.2318;-2.9476;7.6649
1175;4.0994;-0.4251;0.0000;0.1896;-2.9513;7.8578
1176;4.3121;-0.4496;0.0000;0.4432;-2.9849;7.7209
1177;-4.2785;-0.6538;0.0000;0.2016;-2.9200;5.0372
1178;-4.0456;-0.6332;0.0000;0.1281;-2.8992;5.1181
1179;-3.8087;-0.6257;0.0000;0.1472;-2.9212;4.5849
1180;-3.5683;-0.6227;0.0000;0.2548;-2.9283;4.7288
1181;-3.3263;-0.6217;0.0000;0.2661;-2.9166;4.6912
1182;-3.0847;-0.6220;0.0000;0.1925;-2.9239;5.1028
1183;-2.8461;-0.6231;0.0000;0.2308;-2.9273;5.0319
1184;-2.6151;-0.6244;0.0000;0.2814;-2.9238;4.8136
1185;-2.3986;-0.6239;0.0000;0.2857;-2.9083;4.8858
1186;-2.2047;-0.5990;0.0000;0.2830;-2.8956;4.9361
1187;2.3854;-0.6280;0.0000;0.2005;-2.9459;4.1382
1188;2.5732;-0.6292;0.0000;0.2388;-2.9225;5.1159
1189;2.7907;-0.6279;0.0000;0.2963;-2.9049;5.8530
1190;3.0234;-0.6262;0.0000;0.3485;-2.9231;6.5976
1191;3.2625;-0.6250;0.0000;0.2893;-2.9459;7.4755
1192;3.5041;-0.6244;0.0000;0.2724;-2.9296;7.3482
1193;3.7466;-0.6247;0.0000;0.2471;-2.8996;7.5941
1194;3.9889;-0.6273;0.0000;0.1823;-2.8915;7.2441
1195;4.2343;-0.6391;0.0000;0.3058;-2.8875;7.8631
1196;-4.1884;-0.8360;0.0000;0.1961;-2.8384;5.0109
1197;-3.9374;-0.8315;0.0000;0.1237;-2.8326;5.1531
1198;-3.6929;-0.8277;0.0000;0.1967;-2.8301;4.6247
1199;-3.4493;-0.8264;0.0000;0.2984;-2.7758;4.4081
1200;-3.2059;-0.8263;0.0000;0.2523;-2.7850;4.9138
1201;-2.9644;-0.8270;0.0000;0.1809;-2.8632;4.9514
1202;-2.7261;-0.8283;0.0000;0.2333;-2.8843;5.0818
1203;-2.4920;-0.8286;0.0000;0.2676;-2.8632;5.1955
1204;-2.2569;-0.8168;0.0000;0.3115;-2.8665;5.0941
1205;2.4370;-0.8416;0.0000;0.2527;-2.8433;4.2528
1206;2.6640;-0.8382;0.0000;0.2712;-2.8273;5.1934
1207;2.8999;-0.8332;0.0000;0.3438;-2.8385;6.6216
1208;3.1403;-0.8306;0.0000;0.3270;-2.8453;7.1024
1209;3.3822;-0.8294;0.0000;0.2419;-2.8380;7.2598
1210;3.6247;-0.8292;0.0000;0.2434;-2.8499;7.3780
1211;3.8663;-0.8303;0.0000;0.1922;-2.8585;7.5267
1212;4.1050;-0.8340;0.0000;0.1644;-2.8563;7.6417
1213;4.3392;-0.8426;0.0000;0.3866;-2.8391;7.2887
1214;-4.2830;-1.0223;0.0000;0.2258;-2.8649;4.9663
1215;-4.0563;-1.0372;0.0000;0.1338;-2.8426;5.2157
1216;-3.8150;-1.0329;0.0000;0.1776;-2.7844;5.1925
1217;-3.5716;-1.0315;0.0000;0.2417;-2.7438;5.0341
1218;-3.3280;-1.0313;0.0000;0.2546;-2.7402;4.9720
1219;-3.0853;-1.0314;0.0000;0.2110;-2.7652;5.2437
1220;-2.8450;-1.0321;0.0000;0.2128;-2.7715;5.1076
1221;-2.6104;-1.0329;0.0000;0.2139;-2.7649;5.2043
1222;-2.3869;-1.0308;0.0000;0.2917;-2.7921;4.9891
1223;-2.1919;-1.0281;0.0000;0.3361;-2.8206;5.2585
1224;2.5131;-1.0407;0.0000;0.2694;-2.8575;4.4558
1225;2.7683;-1.0383;0.0000;0.3000;-2.8932;5.7069
1226;3.0149;-1.0358;0.0000;0.3571;-2.9089;6.5206
1227;3.2593;-1.0344;0.0000;0.2657;-2.9026;7.0459
1228;3.5029;-1.0338;0.0000;0.2194;-2.9007;6.6728
1229;3.7463;-1.0342;0.0000;0.2095;-2.9041;6.4856
1230;3.9902;-1.0359;0.0000;0.1747;-2.9059;7.4987
1231;4.2379;-1.0356;0.0000;0.2941;-2.9056;7.5245
1232;-4.2112;-1.2387;0.0000;0.1820;-2.8387;5.2568
1233;-3.9468;-1.2365;0.0000;0.1527;-2.8336;5.0547
1234;-3.6967;-1.2357;0.0000;0.2295;-2.8313;4.9462
1235;-3.4510;-1.2356;0.0000;0.2376;-2.8438;5.1299
1236;-3.2070;-1.2358;0.0000;0.2181;-2.8319;4.6706
1237;-2.9644;-1.2363;0.0000;0.2273;-2.7862;5.2813
1238;-2.7244;-1.2370;0.0000;0.2057;-2.7718;5.1689
1239;-2.4876;-1.2366;0.0000;0.2595;-2.8030;4.9886
1240;-2.2499;-1.2378;0.0000;0.3556;-2.8403;5.0503
1241;2.4076;-1.2410;0.0000;0.2376;-2.8228;4.6872
1242;2.6476;-1.2393;0.0000;0.2484;-2.8447;5.4619
1243;2.8919;-1.2396;0.0000;0.3451;-2.8900;6.2555
1244;3.1365;-1.2387;0.0000;0.3252;-2.9421;7.2143
1245;3.3805;-1.2382;0.0000;0.2487;-2.9774;6.6010
1246;3.6240;-1.2383;0.0000;0.2061;-2.9800;6.5175
1247;3.8662;-1.2395;0.0000;0.1780;-2.9516;7.0647
1248;4.1043;-1.2421;0.0000;0.1835;-2.9242;7.9208
1249;4.3234;-1.2293;0.0000;0.4342;-2.9229;7.7515
1250;-4.2763;-1.4547;0.0000;0.2346;-2.7611;5.3871
1251;-4.0553;-1.4388;0.0000;0.1488;-2.7802;5.0490
1252;-3.8156;-1.4392;0.0000;0.2075;-2.8222;4.6505
1253;-3.5723;-1.4397;0.0000;0.2493;-2.8490;4.9724
1254;-3.3286;-1.4402;0.0000;0.2220;-2.8371;4.8031
1255;-3.0858;-1.4406;0.0000;0.2086;-2.7863;4.6553
1256;-2.8452;-1.4411;0.0000;0.2363;-2.7651;4.9628
1257;-2.6106;-1.4411;0.0000;0.2557;-2.7865;4.9077
1258;-2.3886;-1.4411;0.0000;0.3556;-2.8145;4.9103
1259;-2.1918;-1.4498;0.0000;0.3380;-2.8357;5.0678
1260;2.5150;-1.4382;0.0000;0.2070;-2.7810;5.0967
1261;2.7663;-1.4431;0.0000;0.2885;-2.8109;6.1798
1262;3.0130;-1.4432;0.0000;0.3415;-2.8762;6.7397
1263;3.2581;-1.4426;0.0000;0.3073;-2.9287;7.2139
1264;3.5029;-1.4423;0.0000;0.2545;-2.9485;7.0210
1265;3.7482;-1.4427;0.0000;0.1713;-2.9570;6.6759
1266;3.9973;-1.4436;0.0000;0.1466;-2.9421;7.4956
1267;4.2599;-1.4452;0.0000;0.3953;-2.9061;7.6531
1268;-4.1898;-1.6469;0.0000;0.2514;-2.8031;5.2620
1269;-3.9401;-1.6438;0.0000;0.1574;-2.7777;4.8635
1270;-3.6949;-1.6441;0.0000;0.2043;-2.7966;4.9042
1271;-3.4507;-1.6446;0.0000;0.2410;-2.8311;4.8876
1272;-3.2071;-1.6451;0.0000;0.2239;-2.7891;4.6684
1273;-2.9650;-1.6458;0.0000;0.2576;-2.7571;4.6050
1274;-2.7259;-1.6463;0.0000;0.2756;-2.7682;4.7305
1275;-2.4924;-1.6467;0.0000;0.3309;-2.7531;5.0486
1276;-2.2619;-1.6478;0.0000;0.3295;-2.7240;5.4742
1277;2.4305;-1.6302;0.0000;0.2485;-2.8626;4.8307
1278;2.6520;-1.6479;0.0000;0.2769;-2.9100;5.5906
1279;2.8922;-1.6482;0.0000;0.3291;-2.9562;5.7091
1280;3.1359;-1.6473;0.0000;0.2710;-2.9712;6.8040
1281;3.3800;-1.6469;0.0000;0.2865;-2.9802;7.3036
1282;3.6242;-1.6468;0.0000;0.2457;-3.0250;7.5398
1283;3.8675;-1.6468;0.0000;0.1437;-3.0434;7.2690
1284;4.1070;-1.6461;0.0000;0.1785;-2.9862;7.0709
1285;4.3292;-1.6639;0.0000;0.4935;-2.9241;7.4611
1286;-4.2932;-1.8411;0.0000;0.3109;-2.8382;5.1457
1287;-4.0559;-1.8469;0.0000;0.2138;-2.8454;4.9300
1288;-3.8151;-1.8485;0.0000;0.1425;-2.8435;4.9541
1289;-3.5723;-1.8490;0.0000;0.2092;-2.8084;4.9243
1290;-3.3288;-1.8495;0.0000;0.2547;-2.7899;4.7962
1291;-3.0859;-1.8503;0.0000;0.2964;-2.8234;4.5731
1292;-2.8451;-1.8509;0.0000;0.3062;-2.8267;4.4287
1293;-2.6097;-1.8513;0.0000;0.2929;-2.7650;4.8088
1294;-2.3835;-1.8502;0.0000;0.3144;-2.6879;5.1706
1295;-2.1685;-1.8431;0.0000;0.2858;-2.6681;5.2279
1296;2.4980;-1.8487;0.0000;0.2926;-2.9455;4.5061
1297;2.7601;-1.8526;0.0000;0.3007;-3.0016;5.6899
1298;3.0107;-1.8517;0.0000;0.2544;-3.0160;5.9116
1299;3.2569;-1.8513;0.0000;0.2384;-3.0397;6.8710
1300;3.5019;-1.8509;0.0000;0.3009;-3.0649;6.9646
1301;3.7472;-1.8509;0.0000;0.2373;-3.0703;5.8316
1302;3.9933;-1.8519;0.0000;0.1687;-3.0612;6.5814
1303;4.2425;-1.8538;0.0000;0.3470;-2.9971;7.0888
1304;-4.1871;-2.0423;0.0000;0.2783;-2.8306;5.1535
1305;-3.9385;-2.0517;0.0000;0.1657;-2.8585;4.6899
1306;-3.6946;-2.0534;0.0000;0.1470;-2.8208;5.0582
1307;-3.4510;-2.0542;0.0000;0.2621;-2.7517;4.4781
1308;-3.2075;-2.0547;0.0000;0.3307;-2.7545;4.4720
1309;-2.9648;-2.0552;0.0000;0.3299;-2.7514;4.7975
1310;-2.7256;-2.0561;0.0000;0.2629;-2.6999;4.9353
1311;-2.4914;-2.0556;0.0000;0.2814;-2.6880;5.1133
1312;-2.2596;-2.0470;0.0000;0.3258;-2.6991;4.9545
1313;2.4291;-2.0629;0.0000;0.2867;-2.9271;4.2423
1314;2.6478;-2.0582;0.0000;0.2541;-2.9509;4.9703
1315;2.8900;-2.0560;0.0000;0.2751;-2.9661;5.6710
1316;3.1349;-2.0554;0.0000;0.2407;-2.9693;6.3360
1317;3.3795;-2.0551;0.0000;0.3016;-2.9645;6.4681
1318;3.6245;-2.0552;0.0000;0.3017;-2.9448;6.1859
1319;3.8696;-2.0559;0.0000;0.2292;-2.9591;6.5486
1320;4.1134;-2.0583;0.0000;0.2022;-3.0057;6.8456
1321;4.3484;-2.0451;0.0000;0.4692;-2.9711;7.6255
1322;-4.2668;-2.2315;0.0000;0.2633;-2.7048;4.9843
1323;-4.0503;-2.2544;0.0000;0.2633;-2.7131;4.6164
1324;-3.8139;-2.2583;0.0000;0.1711;-2.6773;4.7778
1325;-3.5723;-2.2589;0.0000;0.2517;-2.6570;4.6899
1326;-3.3290;-2.2595;0.0000;0.3123;-2.6599;4.4339
1327;-3.0860;-2.2600;0.0000;0.2981;-2.6400;4.7218
1328;-2.8454;-2.2611;0.0000;0.2437;-2.6087;4.9217
1329;-2.6102;-2.2619;0.0000;0.2551;-2.6134;5.2117
1330;-2.3861;-2.2592;0.0000;0.3182;-2.6507;4.9528
1331;-2.1863;-2.2393;0.0000;0.3296;-2.6827;5.1960
1332;2.5036;-2.2747;0.0000;0.2286;-2.9509;5.0927
1333;2.7622;-2.2613;0.0000;0.2343;-2.9514;5.7183
1334;3.0112;-2.2597;0.0000;0.2883;-2.9548;6.3049
1335;3.2571;-2.2597;0.0000;0.3220;-2.9396;6.9528
1336;3.5025;-2.2596;0.0000;0.3208;-2.9285;6.4488
1337;3.7487;-2.2596;0.0000;0.2746;-2.9243;6.2546
1338;3.9982;-2.2610;0.0000;0.2332;-2.9293;6.9300
1339;4.2557;-2.2631;0.0000;0.3677;-2.9721;7.2415
1340;-4.2020;-2.4515;0.0000;0.2434;-2.6145;5.1417
1341;-3.9447;-2.4624;0.0000;0.2362;-2.5937;4.1006
1342;-3.6967;-2.4640;0.0000;0.2580;-2.5473;4.9213
1343;-3.4516;-2.4645;0.0000;0.3077;-2.5585;4.3084
1344;-3.2077;-2.4649;0.0000;0.2793;-2.6325;4.5179
1345;-2.9647;-2.4657;0.0000;0.2704;-2.6930;4.8998
1346;-2.7237;-2.4668;0.0000;0.2747;-2.6861;4.7297
1347;-2.4841;-2.4667;0.0000;0.3077;-2.6599;5.1750
1348;-2.2410;-2.4581;0.0000;0.2984;-2.6294;5.2507
1349;2.4411;-2.4959;0.0000;0.2030;-2.9564;4.2730
1350;2.6573;-2.4698;0.0000;0.1976;-2.9482;5.4151
1351;2.8941;-2.4647;0.0000;0.2938;-2.9412;6.0809
1352;3.1364;-2.4640;0.0000;0.3300;-2.9602;6.4178
1353;3.3804;-2.4639;0.0000;0.3257;-2.9595;7.2218
1354;3.6251;-2.4637;0.0000;0.3024;-2.9225;7.2542
1355;3.8709;-2.4635;0.0000;0.2733;-2.8962;7.4773
1356;4.1172;-2.4657;0.0000;0.2364;-2.9052;7.4606
1357;4.3530;-2.4846;0.0000;0.4728;-2.9407;7.7682
1358;-4.2739;-2.6652;0.0000;0.2759;-2.6327;5.1767
1359;-4.0569;-2.6666;0.0000;0.2106;-2.6296;4.9799
1360;-3.8168;-2.6683;0.0000;0.2333;-2.6227;4.6553
1361;-3.5733;-2.6694;0.0000;0.2983;-2.6147;4.6299
1362;-3.3293;-2.6698;0.0000;0.2851;-2.6444;4.4908
1363;-3.0861;-2.6700;0.0000;0.2765;-2.7157;4.7283
1364;-2.8442;-2.6708;0.0000;0.3047;-2.7804;4.6400
1365;-2.6060;-2.6715;0.0000;0.3002;-2.7834;4.9326
1366;-2.3765;-2.6709;0.0000;0.2890;-2.7705;5.1347
1367;-2.1733;-2.6720;0.0000;0.2965;-2.7503;5.0945
1368;2.5230;-2.6842;0.0000;0.1863;-2.9182;4.6304
1369;2.7706;-2.6719;0.0000;0.2758;-2.9009;6.2030
1370;3.0146;-2.6692;0.0000;0.3176;-2.9076;6.2822
1371;3.2584;-2.6686;0.0000;0.2913;-2.9093;6.7406
1372;3.5026;-2.6682;0.0000;0.2933;-2.8833;7.7052
1373;3.7478;-2.6673;0.0000;0.2815;-2.8427;7.9033
1374;3.9953;-2.6665;0.0000;0.2599;-2.8147;7.6710
1375;4.2504;-2.6749;0.0000;0.3798;-2.8087;7.1903
1376;-4.2002;-2.8794;0.0000;0.2425;-2.7163;5.0910
1377;-3.9438;-2.8725;0.0000;0.2038;-2.7047;4.8500
1378;-3.6963;-2.8736;0.0000;0.2503;-2.7159;4.6076
1379;-3.4514;-2.8745;0.0000;0.2967;-2.7567;4.5066
1380;-3.2074;-2.8749;0.0000;0.2618;-2.7483;4.9116
1381;-2.9642;-2.8751;0.0000;0.2677;-2.7451;4.8714
1382;-2.7225;-2.8756;0.0000;0.2648;-2.7871;4.4904
1383;-2.4817;-2.8760;0.0000;0.2923;-2.8176;4.7113
1384;-2.2371;-2.8816;0.0000;0.3327;-2.8306;4.9191
1385;2.4199;-2.8870;0.0000;0.1505;-2.8038;4.0639
1386;2.6550;-2.8784;0.0000;0.2355;-2.7845;5.3771
1387;2.8949;-2.8748;0.0000;0.3232;-2.8064;6.5980
1388;3.1371;-2.8735;0.0000;0.2822;-2.8244;6.5731
1389;3.3802;-2.8730;0.0000;0.2751;-2.8180;7.6824
1390;3.6233;-2.8723;0.0000;0.2809;-2.8162;8.0070
1391;3.8642;-2.8706;0.0000;0.2694;-2.7931;8.1374
1392;4.1001;-2.8699;0.0000;0.3148;-2.7574;7.9226
1393;4.3274;-2.8782;0.0000;0.4743;-2.7370;7.6951
1394;-4.2610;-3.0980;0.0000;0.1813;-2.7328;4.8876
1395;-4.0472;-3.0790;0.0000;0.2008;-2.7154;4.8876
1396;-3.8125;-3.0779;0.0000;0.2551;-2.7015;5.1054
1397;-3.5715;-3.0789;0.0000;0.2736;-2.7357;4.7983
1398;-3.3287;-3.0794;0.0000;0.2603;-2.7503;4.8010
1399;-3.0859;-3.0797;0.0000;0.2354;-2.6853;4.7668
1400;-2.8444;-3.0801;0.0000;0.2132;-2.6589;4.8959
1401;-2.6076;-3.0805;0.0000;0.2358;-2.7150;4.4838
1402;-2.3805;-3.0823;0.0000;0.3487;-2.7394;4.7515
1403;-2.1759;-3.0974;0.0000;0.3554;-2.7250;4.7909
1404;2.5240;-3.0803;0.0000;0.1801;-2.6602;4.4186
1405;2.7714;-3.0807;0.0000;0.2950;-2.7046;5.7393
1406;3.0150;-3.0789;0.0000;0.2868;-2.7103;6.7550
1407;3.2583;-3.0782;0.0000;0.3047;-2.7033;7.5328
1408;3.5013;-3.0778;0.0000;0.3173;-2.7047;7.7822
1409;3.7415;-3.0770;0.0000;0.2749;-2.7277;7.4799
1410;3.9739;-3.0766;0.0000;0.2849;-2.7479;7.8465
1411;4.1904;-3.0812;0.0000;0.3284;-2.7311;8.4873
1412;4.3776;-3.0888;0.0000;0.5606;-2.7022;7.6947
1413;-4.1800;-3.2902;0.0000;0.1737;-2.7274;4.9882
1414;-3.9351;-3.2842;0.0000;0.2254;-2.7309;4.9751
1415;-3.6929;-3.2839;0.0000;0.2974;-2.7237;4.8618
1416;-3.4500;-3.2842;0.0000;0.2974;-2.7051;4.4427
1417;-3.2068;-3.2847;0.0000;0.2501;-2.6934;4.7336
1418;-2.9643;-3.2853;0.0000;0.2381;-2.6724;5.0805
1419;-2.7237;-3.2859;0.0000;0.2020;-2.6754;5.1115
1420;-2.4863;-3.2871;0.0000;0.2887;-2.6839;5.0822
1421;-2.2490;-3.2921;0.0000;0.3274;-2.6958;4.6273
1422;2.4417;-3.2753;0.0000;0.1552;-2.7236;3.6864
1423;2.6590;-3.2872;0.0000;0.2704;-2.7724;4.3631
1424;2.8960;-3.2850;0.0000;0.2750;-2.7614;5.8106
1425;3.1373;-3.2838;0.0000;0.2690;-2.6852;6.9519
1426;3.3799;-3.2833;0.0000;0.3308;-2.6365;7.1794
1427;3.6217;-3.2830;0.0000;0.3210;-2.6443;6.8303
1428;3.8593;-3.2827;0.0000;0.3004;-2.6778;7.7340
1429;4.0898;-3.2841;0.0000;0.2871;-2.7078;7.8097
1430;4.3178;-3.2947;0.0000;0.4961;-2.7250;7.7918
1431;-4.2807;-3.4887;0.0000;0.2347;-2.7825;5.0179
1432;-4.0489;-3.4887;0.0000;0.2413;-2.8250;4.6689
1433;-3.8116;-3.4888;0.0000;0.2850;-2.8550;4.9252
1434;-3.5706;-3.4892;0.0000;0.2950;-2.8131;4.6737
1435;-3.3281;-3.4895;0.0000;0.2601;-2.7760;4.6470
1436;-3.0854;-3.4898;0.0000;0.2712;-2.7951;5.0214
1437;-2.8436;-3.4905;0.0000;0.2796;-2.8110;5.2305
1438;-2.6055;-3.4912;0.0000;0.2712;-2.8201;4.7651
1439;-2.3735;-3.4917;0.0000;0.2989;-2.8286;4.6833
1440;-2.1496;-3.4904;0.0000;0.2737;-2.8003;4.9825
1441;2.5074;-3.4909;0.0000;0.1485;-2.8205;4.4208
1442;2.7665;-3.4891;0.0000;0.2865;-2.7826;5.4913
1443;3.0138;-3.4886;0.0000;0.2712;-2.7614;6.4436
1444;3.2580;-3.4885;0.0000;0.3022;-2.7315;6.6934
1445;3.5007;-3.4884;0.0000;0.3331;-2.7115;7.2590
1446;3.7396;-3.4883;0.0000;0.3257;-2.6973;7.7563
1447;3.9695;-3.4886;0.0000;0.3093;-2.6952;7.5389
1448;4.1827;-3.4898;0.0000;0.2784;-2.7395;7.9265
1449;4.3720;-3.5106;0.0000;0.5588;-2.7393;7.3683
1450;-4.1778;-3.6869;0.0000;0.3108;-2.8894;4.9891
1451;-3.9334;-3.6927;0.0000;0.2741;-2.9575;4.4300
1452;-3.6919;-3.6936;0.0000;0.2473;-2.9815;4.9843
1453;-3.4496;-3.6941;0.0000;0.2607;-2.9285;4.6028
1454;-3.2067;-3.6944;0.0000;0.2780;-2.8943;4.6470
1455;-2.9640;-3.6949;0.0000;0.3308;-2.9394;4.9283
1456;-2.7227;-3.6956;0.0000;0.3190;-2.9804;4.6597
1457;-2.4840;-3.6955;0.0000;0.2989;-2.9712;4.6452
1458;-2.2450;-3.6897;0.0000;0.2650;-2.9522;4.3745
1459;2.4432;-3.7091;0.0000;0.1279;-2.7982;4.5039
1460;2.6601;-3.6919;0.0000;0.2066;-2.7356;5.2025
1461;2.8966;-3.6930;0.0000;0.3286;-2.6836;6.3421
1462;3.1379;-3.6931;0.0000;0.2813;-2.6936;6.7279
1463;3.3801;-3.6933;0.0000;0.2980;-2.7232;7.1846
1464;3.6210;-3.6936;0.0000;0.3401;-2.7004;7.3552
1465;3.8565;-3.6943;0.0000;0.3562;-2.6711;7.1404
1466;4.0819;-3.6948;0.0000;0.3046;-2.6654;7.4650
1467;4.2983;-3.6932;0.0000;0.4024;-2.6717;6.8425
1468;-4.2555;-3.8787;0.0000;0.3557;-3.0896;4.7852
1469;-4.0427;-3.8963;0.0000;0.3940;-3.0322;4.6715
1470;-3.8096;-3.8982;0.0000;0.2331;-3.0040;4.5556
1471;-3.5703;-3.8985;0.0000;0.1961;-3.0275;4.6990
1472;-3.3282;-3.8988;0.0000;0.2684;-3.0492;4.9234
1473;-3.0853;-3.8991;0.0000;0.3170;-3.0871;4.7502
1474;-2.8433;-3.8995;0.0000;0.3368;-3.1104;5.0923
1475;-2.6047;-3.9006;0.0000;0.3257;-3.0953;5.0525
1476;-2.3746;-3.8996;0.0000;0.2899;-3.0850;4.8714
1477;-2.1667;-3.8817;0.0000;0.2581;-3.0961;4.6185
1478;2.5297;-3.8989;0.0000;0.1692;-2.7594;4.6334
1479;2.7741;-3.8977;0.0000;0.2706;-2.6720;5.8268
1480;3.0166;-3.8984;0.0000;0.3293;-2.5869;6.7441
1481;3.2591;-3.8984;0.0000;0.2775;-2.5896;7.0411
1482;3.5010;-3.8986;0.0000;0.3049;-2.5989;7.2502
1483;3.7395;-3.8996;0.0000;0.3569;-2.5905;7.7975
1484;3.9692;-3.9010;0.0000;0.3548;-2.5781;7.5472
1485;4.1831;-3.8994;0.0000;0.2912;-2.5601;7.5534
1486;4.3738;-3.8711;0.0000;0.4458;-2.5810;6.8810
1487;-4.1918;-4.0944;0.0000;0.3861;-3.1255;4.5249
1488;-3.9386;-4.1022;0.0000;0.3753;-3.0022;4.5871
1489;-3.6934;-4.1026;0.0000;0.2248;-3.0014;4.5547
1490;-3.4500;-4.1028;0.0000;0.2091;-3.0635;4.7629
1491;-3.2068;-4.1029;0.0000;0.2416;-3.1039;4.4799
1492;-2.9636;-4.1032;0.0000;0.2785;-3.0872;4.4703
1493;-2.7204;-4.1040;0.0000;0.3482;-3.0562;4.9379
1494;-2.4757;-4.1047;0.0000;0.3625;-3.0737;4.8045
1495;-2.2245;-4.0978;0.0000;0.3090;-3.1140;4.9843
1496;2.4296;-4.0888;0.0000;0.2316;-2.8047;4.2878
1497;2.6607;-4.1002;0.0000;0.2464;-2.6909;5.0420
1498;2.8979;-4.1033;0.0000;0.3185;-2.5908;5.9939
1499;3.1387;-4.1037;0.0000;0.3192;-2.5326;6.6461
1500;3.3808;-4.1038;0.0000;0.2896;-2.4941;7.0744
1501;3.6219;-4.1045;0.0000;0.3024;-2.4907;8.0341
1502;3.8595;-4.1059;0.0000;0.3300;-2.4985;7.4147
1503;4.0916;-4.1058;0.0000;0.3355;-2.5090;6.9563
1504;4.3230;-4.0909;0.0000;0.3853;-2.5483;6.7078
1505;-4.2587;-4.3048;0.0000;0.3385;-3.1248;4.8071
1506;-4.0480;-4.3063;0.0000;0.3990;-3.0966;4.7122
1507;-3.8118;-4.3065;0.0000;0.3153;-3.0309;4.8473
1508;-3.5708;-4.3068;0.0000;0.2049;-3.0258;4.5249
1509;-3.3284;-4.3070;0.0000;0.2034;-3.0609;4.7870
1510;-3.0853;-4.3072;0.0000;0.2145;-3.0370;5.0026
1511;-2.8427;-4.3077;0.0000;0.2919;-2.9862;5.0494
1512;-2.6012;-4.3083;0.0000;0.3812;-2.9641;4.7878
1513;-2.3645;-4.3092;0.0000;0.4197;-2.9792;4.9707
1514;-2.1522;-4.3093;0.0000;0.3609;-3.0125;5.1579
1515;2.5327;-4.2941;0.0000;0.2741;-2.6489;4.6435
1516;2.7764;-4.3066;0.0000;0.2944;-2.6100;5.6181
1517;3.0178;-4.3089;0.0000;0.3250;-2.5834;5.6172
1518;3.2600;-4.3093;0.0000;0.3507;-2.5450;6.4178
1519;3.5021;-4.3096;0.0000;0.2849;-2.5006;7.2848
1520;3.7417;-4.3105;0.0000;0.2599;-2.4709;7.2454
1521;3.9751;-4.3114;0.0000;0.2958;-2.5009;5.6592
1522;4.1961;-4.3076;0.0000;0.3009;-2.5543;5.7852
1523;4.3864;-4.3025;0.0000;0.4196;-2.5785;6.6168
1524;-4.1894;-4.5186;0.0000;0.3453;-3.0521;4.7301
1525;-3.9378;-4.5105;0.0000;0.3277;-3.0564;4.1409
1526;-3.6932;-4.5106;0.0000;0.2749;-3.0671;4.4230
1527;-3.4500;-4.5110;0.0000;0.2447;-3.0962;4.7008
1528;-3.2069;-4.5112;0.0000;0.2102;-3.0820;4.6037
1529;-2.9637;-4.5116;0.0000;0.2357;-3.0546;4.8360
1530;-2.7199;-4.5120;0.0000;0.3212;-3.0136;4.7655
1531;-2.4745;-4.5131;0.0000;0.4135;-2.9889;4.5599
1532;-2.2216;-4.5223;0.0000;0.4386;-3.0055;4.6868
1533;2.4570;-4.4835;0.0000;0.2641;-2.7349;4.2515
1534;2.6677;-4.5086;0.0000;0.3296;-2.7430;5.0385
1535;2.9003;-4.5141;0.0000;0.3055;-2.7237;6.0385
1536;3.1398;-4.5146;0.0000;0.3635;-2.7149;6.2423
1537;3.3818;-4.5146;0.0000;0.3146;-2.7243;6.5910
1538;3.6233;-4.5153;0.0000;0.2630;-2.6907;7.2432
1539;3.8624;-4.5160;0.0000;0.2611;-2.6568;5.8705
1540;4.0978;-4.5156;0.0000;0.2580;-2.6754;5.1995
1541;4.3297;-4.5148;0.0000;0.3535;-2.6679;6.8911
1542;-4.2488;-4.7380;0.0000;0.3721;-2.8720;4.8276
1543;-4.0397;-4.7173;0.0000;0.3547;-2.9493;4.0678
1544;-3.8086;-4.7147;0.0000;0.2902;-3.0064;3.9160
1545;-3.5697;-4.7148;0.0000;0.3260;-3.0218;4.0271
1546;-3.3279;-4.7152;0.0000;0.2646;-3.0029;4.6102
1547;-3.0852;-4.7155;0.0000;0.1933;-2.9741;4.8202
1548;-2.8430;-4.7158;0.0000;0.2525;-2.9843;4.4370
1549;-2.6030;-4.7167;0.0000;0.3634;-3.0185;4.6903
1550;-2.3699;-4.7203;0.0000;0.4807;-3.0529;4.5726
1551;-2.1581;-4.7416;0.0000;0.4544;-3.0667;4.6461
1552;2.5203;-4.7044;0.0000;0.2865;-2.9001;4.0617
1553;2.7719;-4.7171;0.0000;0.3209;-2.9300;5.6330
1554;3.0167;-4.7193;0.0000;0.3336;-2.9342;6.3548
1555;3.2600;-4.7193;0.0000;0.3340;-2.9036;6.6531
1556;3.5024;-4.7194;0.0000;0.3035;-2.8948;6.8486
1557;3.7426;-4.7200;0.0000;0.3124;-2.9099;7.0258
1558;3.9768;-4.7202;0.0000;0.2742;-2.8940;6.4099
1559;4.1980;-4.7227;0.0000;0.2033;-2.8430;6.2922
1560;4.3896;-4.7253;0.0000;0.3988;-2.8036;6.7813
1561;-4.1708;-4.9295;0.0000;0.4102;-2.9437;4.6500
1562;-3.9297;-4.9208;0.0000;0.3350;-3.0077;4.0048
1563;-3.6904;-4.9197;0.0000;0.3286;-3.0264;3.5787
1564;-3.4489;-4.9198;0.0000;0.3284;-3.0085;4.3010
1565;-3.2064;-4.9200;0.0000;0.1923;-2.9610;4.7130
1566;-2.9638;-4.9205;0.0000;0.2046;-2.9544;4.5197
1567;-2.7212;-4.9211;0.0000;0.3443;-3.0393;4.6881
1568;-2.4791;-4.9233;0.0000;0.4740;-3.0840;4.6019
1569;-2.2344;-4.9323;0.0000;0.4520;-3.1173;4.3478
1570;2.4542;-4.9178;0.0000;0.2877;-2.8876;4.5096
1571;2.6631;-4.9199;0.0000;0.3473;-2.8960;4.8976
1572;2.8983;-4.9227;0.0000;0.3220;-2.9338;5.7100
1573;3.1391;-4.9235;0.0000;0.3106;-2.9395;6.3640
1574;3.3815;-4.9237;0.0000;0.3488;-2.8913;6.5149
1575;3.6233;-4.9240;0.0000;0.3425;-2.8805;6.0897
1576;3.8618;-4.9242;0.0000;0.3053;-2.9233;6.5831
1577;4.0956;-4.9251;0.0000;0.2342;-2.9086;6.5626
1578;4.3294;-4.9368;0.0000;0.3270;-2.8761;6.4493
1579;-4.2690;-5.1311;0.0000;0.3296;-3.0245;4.7703
1580;-4.0422;-5.1258;0.0000;0.3966;-3.0513;4.1365
1581;-3.8081;-5.1242;0.0000;0.3569;-3.0599;3.8513
1582;-3.5691;-5.1239;0.0000;0.3429;-3.0518;3.9283
1583;-3.3275;-5.1241;0.0000;0.2447;-3.0106;4.4392
1584;-3.0852;-5.1247;0.0000;0.1779;-3.0261;4.6518
1585;-2.8426;-5.1249;0.0000;0.2665;-3.0788;4.4869
1586;-2.6013;-5.1259;0.0000;0.4224;-3.0765;4.3565
1587;-2.3630;-5.1284;0.0000;0.4832;-3.0366;4.1706
1588;-2.1298;-5.1323;0.0000;0.4315;-2.9747;4.1269
1589;2.5206;-5.1298;0.0000;0.3148;-2.8025;4.5210
1590;2.7722;-5.1263;0.0000;0.3588;-2.8182;5.4488
1591;3.0169;-5.1275;0.0000;0.3240;-2.8250;6.0971
1592;3.2600;-5.1281;0.0000;0.3569;-2.8071;6.5013
1593;3.5026;-5.1285;0.0000;0.3901;-2.8026;6.8806
1594;3.7420;-5.1289;0.0000;0.2925;-2.8148;6.5328
1595;3.9737;-5.1290;0.0000;0.2378;-2.8168;6.6199
1596;4.1910;-5.1306;0.0000;0.1898;-2.7938;6.6531
1597;4.3859;-5.1563;0.0000;0.3583;-2.7737;5.9724
1598;-4.1692;-5.3257;0.0000;0.3177;-3.0554;4.4331
1599;-3.9290;-5.3284;0.0000;0.3705;-3.0027;4.1592
1600;-3.6898;-5.3285;0.0000;0.3331;-2.9692;4.0381
1601;-3.4489;-5.3285;0.0000;0.2826;-2.9523;3.9996
1602;-3.2065;-5.3289;0.0000;0.2465;-2.9512;4.2450
1603;-2.9636;-5.3290;0.0000;0.1985;-2.9326;4.4199
1604;-2.7207;-5.3296;0.0000;0.2667;-2.8791;4.2756
1605;-2.4774;-5.3308;0.0000;0.4691;-2.8336;3.7935
1606;-2.2303;-5.3278;0.0000;0.5072;-2.7639;3.9383
1607;2.4612;-5.3450;0.0000;0.2854;-2.7892;4.3867
1608;2.6706;-5.3317;0.0000;0.3430;-2.7731;5.3202
1609;2.9016;-5.3317;0.0000;0.3499;-2.7575;5.3675
1610;3.1405;-5.3326;0.0000;0.3411;-2.7336;6.2345
1611;3.3820;-5.3332;0.0000;0.3972;-2.7405;6.9147
1612;3.6232;-5.3337;0.0000;0.3400;-2.7483;6.8968
1613;3.8599;-5.3344;0.0000;0.2442;-2.7238;6.2900
1614;4.0884;-5.3352;0.0000;0.1848;-2.6849;6.3206
1615;4.3100;-5.3361;0.0000;0.2671;-2.6607;5.8508
1616;-4.2446;-5.5200;0.0000;0.3217;-3.0368;3.6535
1617;-4.0368;-5.5331;0.0000;0.3276;-2.9926;4.1885
1618;-3.8069;-5.5336;0.0000;0.3396;-2.9315;4.0779
1619;-3.5690;-5.5331;0.0000;0.2679;-2.8971;4.1050
1620;-3.3278;-5.5331;0.0000;0.2901;-2.9021;3.8508
1621;-3.0850;-5.5336;0.0000;0.2387;-2.8889;3.9134
1622;-2.8424;-5.5342;0.0000;0.1153;-2.8187;3.8578
1623;-2.6013;-5.5353;0.0000;0.2951;-2.7298;4.1697
1624;-2.3641;-5.5364;0.0000;0.5417;-2.6844;4.3666
1625;-2.1475;-5.5204;0.0000;0.5225;-2.6693;4.3320
1626;2.5399;-5.5400;0.0000;0.3066;-2.8141;4.4532
1627;2.7806;-5.5374;0.0000;0.3544;-2.7609;5.2047
1628;3.0202;-5.5377;0.0000;0.3411;-2.7269;5.7900
1629;3.2612;-5.5380;0.0000;0.3199;-2.7297;6.3215
1630;3.5027;-5.5385;0.0000;0.3525;-2.7002;6.9274
1631;3.7419;-5.5394;0.0000;0.3013;-2.6507;6.7196
1632;3.9738;-5.5409;0.0000;0.2093;-2.6424;6.2730
1633;4.1920;-5.5408;0.0000;0.1844;-2.6680;5.7909
1634;4.3885;-5.5162;0.0000;0.3852;-2.6651;5.3049
1635;-4.1833;-5.7337;0.0000;0.3716;-2.9480;3.8740
1636;-3.9344;-5.7377;0.0000;0.3247;-2.9083;3.8237
1637;-3.6915;-5.7378;0.0000;0.2829;-2.8861;3.7734
1638;-3.4495;-5.7378;0.0000;0.2628;-2.8888;3.9274
1639;-3.2066;-5.7380;0.0000;0.2658;-2.9229;3.7712
1640;-2.9630;-5.7383;0.0000;0.1375;-2.9034;3.8530
1641;-2.7187;-5.7391;0.0000;0.1320;-2.8202;3.9764
1642;-2.4703;-5.7395;0.0000;0.4294;-2.7670;4.1724
1643;-2.2083;-5.7368;0.0000;0.5199;-2.7350;4.4523
1644;2.4432;-5.7356;0.0000;0.2904;-2.8537;4.2655
1645;2.6690;-5.7408;0.0000;0.3447;-2.8235;4.8128
1646;2.9026;-5.7424;0.0000;0.3630;-2.7805;5.3434
1647;3.1414;-5.7428;0.0000;0.3246;-2.7698;5.8001
1648;3.3825;-5.7432;0.0000;0.3353;-2.7394;6.6352
1649;3.6238;-5.7441;0.0000;0.3338;-2.6839;6.5472
1650;3.8628;-5.7454;0.0000;0.2432;-2.6447;6.3885
1651;4.0980;-5.7457;0.0000;0.1992;-2.6802;5.7550
1652;4.3357;-5.7344;0.0000;0.3373;-2.7502;5.5459
1653;-4.2458;-5.9447;0.0000;0.3707;-2.7868;3.6728
1654;-4.0404;-5.9430;0.0000;0.2982;-2.7804;3.5302
1655;-3.8084;-5.9420;0.0000;0.3065;-2.7998;3.7301
1656;-3.5696;-5.9420;0.0000;0.2426;-2.8220;4.2406
1657;-3.3280;-5.9422;0.0000;0.2311;-2.8590;3.9195
1658;-3.0852;-5.9424;0.0000;0.2001;-2.8595;3.8863
1659;-2.8420;-5.9430;0.0000;0.1532;-2.7921;4.0381
1660;-2.5992;-5.9432;0.0000;0.2913;-2.7245;4.1286
1661;-2.3594;-5.9409;0.0000;0.4527;-2.6689;4.3360
1662;-2.1370;-5.9538;0.0000;0.3930;-2.6471;4.5617
1663;2.5430;-5.9374;0.0000;0.3213;-2.7568;4.6391
1664;2.7824;-5.9461;0.0000;0.3361;-2.7366;5.2677
1665;3.0211;-5.9476;0.0000;0.3261;-2.7129;6.1973
1666;3.2616;-5.9479;0.0000;0.3284;-2.6967;6.8412
1667;3.5033;-5.9484;0.0000;0.3517;-2.7102;6.8338
1668;3.7435;-5.9495;0.0000;0.3021;-2.7035;6.6938
1669;3.9789;-5.9503;0.0000;0.2245;-2.6852;6.7178
1670;4.2040;-5.9481;0.0000;0.2459;-2.7236;5.8281
1671;4.4013;-5.9462;0.0000;0.3601;-2.7424;5.5779
1672;-4.1779;-6.1576;0.0000;0.2629;-2.7113;3.8298
1673;-3.9321;-6.1473;0.0000;0.2254;-2.7030;3.7004
1674;-3.6908;-6.1467;0.0000;0.2288;-2.6553;3.8150
1675;-3.4494;-6.1469;0.0000;0.2310;-2.6758;3.9164
1676;-3.2070;-6.1470;0.0000;0.1860;-2.7398;4.0372
1677;-2.9635;-6.1475;0.0000;0.2238;-2.7438;4.1916
1678;-2.7194;-6.1481;0.0000;0.2428;-2.7033;3.9370
1679;-2.4735;-6.1477;0.0000;0.3408;-2.6412;4.2800
1680;-2.2234;-6.1464;0.0000;0.3509;-2.5616;4.6234
1681;2.4690;-6.1294;0.0000;0.3000;-2.6037;4.4344
1682;2.6755;-6.1493;0.0000;0.3113;-2.6056;4.8040
1683;2.9044;-6.1529;0.0000;0.3072;-2.6073;5.8281
1684;3.1418;-6.1532;0.0000;0.3031;-2.6033;6.3154
1685;3.3826;-6.1533;0.0000;0.3342;-2.6413;7.0612
1686;3.6242;-6.1538;0.0000;0.3428;-2.6954;7.3521
1687;3.8643;-6.1544;0.0000;0.2708;-2.7097;7.1072
1688;4.1020;-6.1540;0.0000;0.2403;-2.6886;6.7633
1689;4.3412;-6.1561;0.0000;0.3447;-2.6739;6.4234
1690;-4.2352;-6.3782;0.0000;0.2524;-2.6844;3.2760
1691;-4.0318;-6.3555;0.0000;0.1139;-2.6930;3.6037
1692;-3.8049;-6.3519;0.0000;0.1592;-2.6893;3.5647
1693;-3.5683;-6.3521;0.0000;0.2655;-2.6900;3.7266
1694;-3.3273;-6.3520;0.0000;0.2270;-2.6656;3.4694
1695;-3.0851;-6.3521;0.0000;0.1902;-2.6576;3.9099
1696;-2.8415;-6.3526;0.0000;0.2212;-2.7265;4.0582
1697;-2.5980;-6.3523;0.0000;0.2557;-2.7351;4.2988
1698;-2.3552;-6.3495;0.0000;0.3226;-2.6390;4.3898
1699;-2.1166;-6.3341;0.0000;0.3377;-2.5346;4.4646
1700;2.5304;-6.3474;0.0000;0.3236;-2.5532;4.3276
1701;2.7774;-6.3572;0.0000;0.3146;-2.5459;5.3307
1702;3.0194;-6.3585;0.0000;0.3018;-2.5457;6.6531
1703;3.2610;-6.3584;0.0000;0.2812;-2.5847;7.0350
1704;3.5028;-6.3584;0.0000;0.3227;-2.6377;7.3714
1705;3.7432;-6.3588;0.0000;0.3323;-2.6623;7.4287
1706;3.9781;-6.3590;0.0000;0.2528;-2.6431;7.3810
1707;4.2009;-6.3593;0.0000;0.2362;-2.6034;7.4003
1708;4.3991;-6.3698;0.0000;0.4105;-2.5715;7.0052
1709;-4.1601;-6.5697;0.0000;0.2064;-2.7704;3.2358
1710;-3.9242;-6.5587;0.0000;0.1392;-2.8066;3.4729
1711;-3.6877;-6.5572;0.0000;0.1788;-2.8436;3.4151
1712;-3.4481;-6.5570;0.0000;0.2495;-2.7562;3.1934
1713;-3.2061;-6.5573;0.0000;0.1887;-2.6527;3.2563
1714;-2.9631;-6.5573;0.0000;0.1916;-2.6796;3.6579
1715;-2.7192;-6.5566;0.0000;0.1977;-2.7438;3.9230
1716;-2.4734;-6.5537;0.0000;0.2714;-2.7303;4.2235
1717;-2.2201;-6.5431;0.0000;0.3273;-2.6997;3.7966
1718;2.4628;-6.5566;0.0000;0.3939;-2.5866;4.0612
1719;2.6699;-6.5614;0.0000;0.3229;-2.5574;4.5608
1720;2.9020;-6.5632;0.0000;0.3077;-2.5312;5.4501
1721;3.1409;-6.5636;0.0000;0.2998;-2.5472;5.9943
1722;3.3821;-6.5635;0.0000;0.2810;-2.5658;6.4528
1723;3.6235;-6.5637;0.0000;0.3344;-2.5789;7.3937
1724;3.8627;-6.5644;0.0000;0.2953;-2.5979;7.7332
1725;4.0967;-6.5651;0.0000;0.2092;-2.5933;7.6015
1726;4.3279;-6.5674;0.0000;0.3118;-2.5650;7.6220
1727;-4.2552;-6.7753;0.0000;0.3012;-2.7422;2.8911
1728;-4.0338;-6.7645;0.0000;0.2064;-2.7860;2.8613
1729;-3.8038;-6.7622;0.0000;0.1879;-2.7901;3.1356
1730;-3.5672;-6.7619;0.0000;0.2074;-2.7823;3.0779
1731;-3.3269;-6.7622;0.0000;0.2077;-2.7429;3.3259
1732;-3.0848;-6.7623;0.0000;0.1669;-2.7076;3.6111
1733;-2.8424;-6.7618;0.0000;0.1695;-2.6745;3.7804
1734;-2.6021;-6.7596;0.0000;0.2343;-2.6979;3.8591
1735;-2.3671;-6.7516;0.0000;0.3196;-2.7303;3.8701
1736;-2.1436;-6.7381;0.0000;0.3376;-2.7598;3.3171
1737;2.5314;-6.7721;0.0000;0.3711;-2.6894;4.7003
1738;2.7780;-6.7677;0.0000;0.3073;-2.6908;5.0936
1739;3.0196;-6.7684;0.0000;0.3292;-2.6949;5.3163
1740;3.2612;-6.7687;0.0000;0.2925;-2.6566;5.7625
1741;3.5029;-6.7689;0.0000;0.2878;-2.6117;7.3591
1742;3.7433;-6.7694;0.0000;0.3159;-2.6156;8.0254
1743;3.9788;-6.7699;0.0000;0.2295;-2.6382;8.1693
1744;4.2056;-6.7692;0.0000;0.1948;-2.6320;7.2660
1745;4.4220;-6.7644;0.0000;0.3689;-2.6195;7.3390
1746;-4.1575;-6.9652;0.0000;0.2898;-2.5263;2.9326
1747;-3.9230;-6.9677;0.0000;0.1753;-2.5362;3.0529
1748;-3.6870;-6.9670;0.0000;0.2362;-2.6120;2.7721
1749;-3.4474;-6.9669;0.0000;0.2699;-2.6875;2.9576
1750;-3.2058;-6.9672;0.0000;0.1912;-2.7004;3.4064
1751;-2.9638;-6.9673;0.0000;0.1426;-2.6363;3.6479
1752;-2.7240;-6.9669;0.0000;0.2064;-2.6079;3.7782
1753;-2.4915;-6.9644;0.0000;0.3010;-2.6408;3.8421
1754;-2.2770;-6.9588;0.0000;0.3258;-2.6262;3.8386
1755;-2.0952;-6.9523;0.0000;0.3022;-2.6058;3.6623
1756;2.4744;-6.9895;0.0000;0.3254;-2.7621;4.6549
1757;2.6783;-6.9736;0.0000;0.3140;-2.8220;4.8237
1758;2.9056;-6.9727;0.0000;0.3343;-2.8605;5.0910
1759;3.1423;-6.9733;0.0000;0.3069;-2.8235;5.7288
1760;3.3826;-6.9737;0.0000;0.2534;-2.7813;6.7603
1761;3.6236;-6.9742;0.0000;0.2985;-2.7631;7.8228
1762;3.8627;-6.9748;0.0000;0.2776;-2.7442;8.0503
1763;4.0973;-6.9744;0.0000;0.1991;-2.7385;7.8740
1764;4.3298;-6.9669;0.0000;0.2868;-2.7285;7.5582
1765;-4.2374;-7.1531;0.0000;0.3973;-2.4108;3.0761
1766;-4.0306;-7.1736;0.0000;0.2259;-2.4174;2.9217
1767;-3.8030;-7.1729;0.0000;0.1842;-2.4721;2.9125
1768;-3.5668;-7.1723;0.0000;0.2691;-2.5139;3.1934
1769;-3.3264;-7.1722;0.0000;0.2166;-2.5010;3.3902
1770;-3.0847;-7.1725;0.0000;0.1177;-2.4805;3.2948
1771;-2.8435;-7.1729;0.0000;0.1669;-2.5058;3.2629
1772;-2.6051;-7.1726;0.0000;0.2952;-2.5449;3.7406
1773;-2.3732;-7.1713;0.0000;0.2825;-2.5678;3.6575
1774;-2.1468;-7.1681;0.0000;0.2640;-2.5720;3.5919
1775;2.5498;-7.1840;0.0000;0.3084;-2.7006;5.0486
1776;2.7859;-7.1784;0.0000;0.3234;-2.7423;5.5604
1777;3.0226;-7.1782;0.0000;0.2994;-2.7616;5.9571
1778;3.2620;-7.1784;0.0000;0.2383;-2.7584;6.8955
1779;3.5029;-7.1786;0.0000;0.2607;-2.7516;7.2603
1780;3.7431;-7.1794;0.0000;0.3097;-2.7430;7.8053
1781;3.9784;-7.1803;0.0000;0.2300;-2.7181;7.1741
1782;4.2029;-7.1782;0.0000;0.1765;-2.6937;7.4829
1783;4.4034;-7.1598;0.0000;0.3830;-2.6816;7.2384
1784;-4.1744;-7.3735;0.0000;0.3430;-2.6123;2.9471
1785;-3.9280;-7.3773;0.0000;0.1691;-2.5752;3.2940
1786;-3.6881;-7.3776;0.0000;0.2109;-2.5303;3.2782
1787;-3.4476;-7.3777;0.0000;0.2472;-2.5071;3.4746
1788;-3.2058;-7.3781;0.0000;0.1723;-2.4871;3.4956
1789;-2.9640;-7.3785;0.0000;0.1601;-2.5002;3.3281
1790;-2.7246;-7.3787;0.0000;0.2557;-2.5194;3.2848
1791;-2.4919;-7.3790;0.0000;0.2785;-2.5226;3.6689
1792;-2.2750;-7.3798;0.0000;0.2031;-2.5549;3.9934
1793;-2.0886;-7.3804;0.0000;0.2122;-2.5578;3.8049
1794;2.4558;-7.3847;0.0000;0.3096;-2.5586;4.5809
1795;2.6762;-7.3833;0.0000;0.2889;-2.5588;5.1776
1796;2.9059;-7.3834;0.0000;0.2701;-2.5870;5.4965
1797;3.1424;-7.3834;0.0000;0.2422;-2.6487;6.4090
1798;3.3824;-7.3836;0.0000;0.2339;-2.6731;7.6973
1799;3.6237;-7.3841;0.0000;0.2782;-2.6619;7.6260
1800;3.8644;-7.3850;0.0000;0.2838;-2.6474;7.1439
1801;4.1041;-7.3851;0.0000;0.2129;-2.6158;6.9357
1802;4.3477;-7.3778;0.0000;0.3373;-2.5977;7.4996
1803;-4.2290;-7.5860;0.0000;0.3480;-2.7544;3.3447
1804;-4.0275;-7.5793;0.0000;0.2462;-2.7228;3.4777
1805;-3.8016;-7.5819;0.0000;0.1760;-2.6620;3.2962
1806;-3.5660;-7.5826;0.0000;0.2178;-2.5991;3.5254
1807;-3.3259;-7.5829;0.0000;0.2273;-2.6015;3.7021
1808;-3.0843;-7.5834;0.0000;0.1929;-2.6265;3.7690
1809;-2.8430;-7.5840;0.0000;0.2154;-2.6050;3.5612
1810;-2.6050;-7.5846;0.0000;0.2830;-2.5658;3.7883
1811;-2.3728;-7.5858;0.0000;0.2214;-2.5583;3.7069
1812;-2.1438;-7.5915;0.0000;0.1418;-2.5648;3.9996
1813;2.5519;-7.5835;0.0000;0.3234;-2.5684;4.7472
1814;2.7869;-7.5883;0.0000;0.2746;-2.5688;5.5862
1815;3.0228;-7.5888;0.0000;0.2410;-2.6247;6.0853
1816;3.2618;-7.5886;0.0000;0.2155;-2.7021;6.9374
1817;3.5028;-7.5888;0.0000;0.2284;-2.7323;7.2620
1818;3.7435;-7.5893;0.0000;0.2665;-2.7107;7.1763
1819;3.9813;-7.5899;0.0000;0.2398;-2.6843;7.3198
1820;4.2111;-7.5899;0.0000;0.2005;-2.6700;7.2944
1821;4.4151;-7.5926;0.0000;0.4058;-2.6810;7.1549
1822;-4.1538;-7.7849;0.0000;0.3055;-2.5390;3.8276
1823;-3.9201;-7.7862;0.0000;0.2385;-2.5652;3.8473
1824;-3.6850;-7.7875;0.0000;0.1673;-2.5860;3.5674
1825;-3.4464;-7.7880;0.0000;0.2186;-2.5901;3.3263
1826;-3.2050;-7.7885;0.0000;0.2449;-2.6019;3.8084
1827;-2.9635;-7.7889;0.0000;0.2028;-2.6226;4.1920
1828;-2.7246;-7.7896;0.0000;0.2722;-2.6067;4.0455
1829;-2.4930;-7.7907;0.0000;0.3048;-2.5944;4.2183
1830;-2.2769;-7.7937;0.0000;0.1742;-2.6045;4.2585
1831;-2.0884;-7.8076;0.0000;0.0835;-2.6361;4.3228
1832;2.4790;-7.7790;0.0000;0.3587;-2.6900;4.0424
1833;2.6813;-7.7931;0.0000;0.3169;-2.7251;4.9453
1834;2.9070;-7.7944;0.0000;0.2294;-2.7469;5.7598
1835;3.1424;-7.7939;0.0000;0.1905;-2.7521;7.2852
1836;3.3821;-7.7935;0.0000;0.2057;-2.7640;7.8998
1837;3.6234;-7.7937;0.0000;0.2242;-2.7504;7.6225
1838;3.8645;-7.7942;0.0000;0.2305;-2.7389;7.2905
1839;4.1048;-7.7948;0.0000;0.2061;-2.7437;7.3832
1840;4.3490;-7.8020;0.0000;0.3422;-2.7673;7.2546
1841;-4.2447;-7.9792;0.0000;0.2846;-2.4444;4.2393
1842;-4.0284;-7.9892;0.0000;0.3006;-2.4707;4.1619
1843;-3.8006;-7.9924;0.0000;0.2565;-2.5385;3.8574
1844;-3.5653;-7.9930;0.0000;0.2004;-2.5950;3.7314
1845;-3.3256;-7.9934;0.0000;0.2542;-2.5963;3.9248
1846;-3.0840;-7.9938;0.0000;0.2266;-2.5505;3.7314
1847;-2.8434;-7.9945;0.0000;0.2292;-2.5130;4.1207
1848;-2.6065;-7.9958;0.0000;0.3067;-2.5520;3.8530
1849;-2.3774;-7.9980;0.0000;0.2284;-2.6352;4.2913
1850;-2.1544;-8.0044;0.0000;0.1123;-2.6484;4.2887
1851;2.5385;-7.9936;0.0000;0.3517;-2.7718;3.8780
1852;2.7815;-7.9987;0.0000;0.2687;-2.7978;5.3298
1853;3.0206;-7.9988;0.0000;0.1834;-2.7560;6.0044
1854;3.2607;-7.9984;0.0000;0.2191;-2.7207;7.1684
1855;3.5021;-7.9984;0.0000;0.1976;-2.7303;8.0442
1856;3.7424;-7.9988;0.0000;0.1848;-2.7468;7.6850
1857;3.9788;-7.9993;0.0000;0.2187;-2.7463;7.5153
1858;4.2054;-8.0019;0.0000;0.2349;-2.7486;7.3753
1859;4.4093;-8.0189;0.0000;0.3969;-2.7293;6.8600
1860;-4.1503;-8.1854;0.0000;0.3234;-2.6624;4.3333
1861;-3.9181;-8.1960;0.0000;0.3487;-2.6719;4.2073
1862;-3.6839;-8.1980;0.0000;0.2732;-2.6110;4.1601
1863;-3.4457;-8.1985;0.0000;0.2120;-2.5400;4.1627
1864;-3.2049;-8.1990;0.0000;0.2221;-2.4555;3.7629
1865;-2.9635;-8.1998;0.0000;0.1913;-2.3972;3.7585
1866;-2.7246;-8.2009;0.0000;0.2562;-2.4248;4.2253
1867;-2.4923;-8.2022;0.0000;0.2796;-2.5273;4.0853
1868;-2.2715;-8.2036;0.0000;0.1754;-2.5834;4.4401
1869;-2.0641;-8.2061;0.0000;0.0930;-2.5450;4.7668
1870;2.4751;-8.2029;0.0000;0.2707;-2.6750;3.3084
1871;2.6765;-8.2038;0.0000;0.3216;-2.7122;4.7957
1872;2.9046;-8.2034;0.0000;0.2437;-2.6865;5.4444
1873;3.1410;-8.2034;0.0000;0.2360;-2.6504;6.2848
1874;3.3813;-8.2033;0.0000;0.2255;-2.6582;7.4313
1875;3.6223;-8.2035;0.0000;0.1515;-2.7177;8.0157
1876;3.8621;-8.2043;0.0000;0.2019;-2.7537;7.2546
1877;4.0990;-8.2060;0.0000;0.2352;-2.7589;7.0866
1878;4.3357;-8.2127;0.0000;0.3247;-2.7677;6.4178
1879;-4.2197;-8.3773;0.0000;0.3840;-2.8146;4.4374
1880;-4.0216;-8.3983;0.0000;0.3105;-2.7639;4.1732
1881;-3.7987;-8.4032;0.0000;0.3016;-2.6654;4.0722
1882;-3.5645;-8.4039;0.0000;0.2681;-2.5885;4.1010
1883;-3.3254;-8.4044;0.0000;0.2006;-2.5912;3.9615
1884;-3.0843;-8.4052;0.0000;0.1682;-2.6249;3.7581
1885;-2.8436;-8.4061;0.0000;0.1948;-2.6214;4.0424
1886;-2.6064;-8.4073;0.0000;0.2495;-2.5827;4.1619
1887;-2.3762;-8.4079;0.0000;0.1907;-2.5402;3.8241
1888;-2.1509;-8.4047;0.0000;0.1488;-2.5528;4.4733
1889;2.5410;-8.4166;0.0000;0.2725;-2.6432;3.6807
1890;2.7821;-8.4087;0.0000;0.2812;-2.6435;5.1400
1891;3.0204;-8.4083;0.0000;0.2565;-2.6159;5.9816
1892;3.2602;-8.4084;0.0000;0.2533;-2.6129;6.6369
1893;3.5013;-8.4084;0.0000;0.1859;-2.6614;7.1995
1894;3.7419;-8.4089;0.0000;0.1955;-2.7117;8.0332
1895;3.9794;-8.4098;0.0000;0.2322;-2.7524;7.6815
1896;4.2105;-8.4110;0.0000;0.2164;-2.7879;7.4064
1897;4.4338;-8.4130;0.0000;0.3708;-2.8329;7.1763
1898;-4.1618;-8.5959;0.0000;0.4099;-2.6917;4.3950
1899;-3.9230;-8.6069;0.0000;0.2653;-2.5966;4.1137
1900;-3.6860;-8.6089;0.0000;0.2860;-2.5898;4.2288
1901;-3.4466;-8.6093;0.0000;0.2680;-2.6555;4.0144
1902;-3.2054;-8.6094;0.0000;0.1791;-2.7761;3.9506
1903;-2.9642;-8.6102;0.0000;0.1030;-2.8441;4.0171
1904;-2.7251;-8.6116;0.0000;0.1912;-2.7898;4.1579
1905;-2.4923;-8.6134;0.0000;0.2103;-2.6723;3.6833
1906;-2.2730;-8.6135;0.0000;0.1726;-2.6420;3.7060
1907;-2.0795;-8.6018;0.0000;0.1815;-2.6941;3.8990
1908;2.4851;-8.6358;0.0000;0.3354;-2.5575;3.7555
1909;2.6838;-8.6164;0.0000;0.2523;-2.5694;4.6133
1910;2.9071;-8.6135;0.0000;0.2417;-2.5741;5.2537
1911;3.1414;-8.6136;0.0000;0.2589;-2.6129;6.5757
1912;3.3807;-8.6135;0.0000;0.2154;-2.6277;7.1234
1913;3.6215;-8.6136;0.0000;0.1919;-2.6425;7.4418
1914;3.8617;-8.6143;0.0000;0.2612;-2.6926;7.8981
1915;4.0996;-8.6148;0.0000;0.2390;-2.7383;7.5608
1916;4.3378;-8.6104;0.0000;0.3040;-2.7855;7.7130
1917;-4.2261;-8.8092;0.0000;0.4857;-2.5979;4.1697
1918;-4.0276;-8.8105;0.0000;0.2936;-2.5938;4.0700
1919;-3.8020;-8.8136;0.0000;0.2457;-2.5951;4.1990
1920;-3.5664;-8.8142;0.0000;0.2974;-2.6150;4.4869
1921;-3.3265;-8.8143;0.0000;0.2555;-2.6539;4.2415
1922;-3.0849;-8.8145;0.0000;0.1186;-2.6961;4.1859
1923;-2.8439;-8.8155;0.0000;0.1052;-2.7048;4.1124
1924;-2.6048;-8.8171;0.0000;0.2026;-2.6885;4.0661
1925;-2.3689;-8.8185;0.0000;0.1860;-2.6879;4.2297
1926;-2.1330;-8.8150;0.0000;0.1798;-2.6831;4.4746
1927;2.5569;-8.8296;0.0000;0.3521;-2.5571;4.6343
1928;2.7884;-8.8207;0.0000;0.2675;-2.5517;5.0372
1929;3.0221;-8.8193;0.0000;0.2477;-2.6064;5.7340
1930;3.2600;-8.8188;0.0000;0.2073;-2.6373;6.2078
1931;3.5004;-8.8188;0.0000;0.1806;-2.6130;7.3539
1932;3.7409;-8.8192;0.0000;0.2258;-2.6306;8.0927
1933;3.9787;-8.8203;0.0000;0.2657;-2.6712;7.2187
1934;4.2077;-8.8197;0.0000;0.2280;-2.7007;6.8994
1935;4.4149;-8.8039;0.0000;0.4024;-2.7574;7.1059
1936;-4.1626;-9.0187;0.0000;0.5026;-2.6769;4.3285
1937;-3.9240;-9.0173;0.0000;0.2653;-2.6956;4.2148
1938;-3.6868;-9.0187;0.0000;0.2513;-2.6759;4.3058
1939;-3.4475;-9.0193;0.0000;0.2719;-2.6261;4.4580
1940;-3.2062;-9.0194;0.0000;0.1982;-2.5839;4.1684
1941;-2.9646;-9.0200;0.0000;0.1076;-2.5986;4.2353
1942;-2.7248;-9.0211;0.0000;0.1460;-2.6501;4.4108
1943;-2.4900;-9.0224;0.0000;0.1833;-2.6655;4.4558
1944;-2.2662;-9.0243;0.0000;0.1698;-2.6704;4.6872
1945;-2.0703;-9.0235;0.0000;0.1652;-2.6689;4.4965
1946;2.4644;-9.0345;0.0000;0.3619;-2.7261;4.0433
1947;2.6801;-9.0267;0.0000;0.3665;-2.6453;4.6710
1948;2.9065;-9.0250;0.0000;0.2790;-2.6683;5.8158
1949;3.1409;-9.0243;0.0000;0.1956;-2.7004;6.0556
1950;3.3798;-9.0240;0.0000;0.1577;-2.6980;6.5796
1951;3.6210;-9.0241;0.0000;0.1660;-2.6842;8.0437
1952;3.8630;-9.0247;0.0000;0.2279;-2.6906;7.8653
1953;4.1063;-9.0255;0.0000;0.2416;-2.7512;6.4825
1954;4.3560;-9.0197;0.0000;0.4010;-2.7996;6.9908
1955;-4.2177;-9.2317;0.0000;0.6304;-2.7503;4.5490
1956;-4.0210;-9.2222;0.0000;0.3038;-2.7073;4.1369
1957;-3.7992;-9.2229;0.0000;0.2199;-2.7089;3.9396
1958;-3.5659;-9.2240;0.0000;0.2459;-2.7006;4.4011
1959;-3.3267;-9.2245;0.0000;0.2479;-2.6661;4.5752
1960;-3.0854;-9.2250;0.0000;0.1520;-2.6563;4.3202
1961;-2.8442;-9.2254;0.0000;0.1243;-2.7101;4.4147
1962;-2.6051;-9.2265;0.0000;0.1509;-2.7468;4.5350
1963;-2.3691;-9.2283;0.0000;0.1366;-2.7538;4.7638
1964;-2.1322;-9.2369;0.0000;0.1566;-2.7386;4.6540
1965;2.5575;-9.2285;0.0000;0.3605;-2.7926;3.7524
1966;2.7882;-9.2303;0.0000;0.2865;-2.7938;4.7603
1967;3.0215;-9.2296;0.0000;0.2281;-2.8022;6.0669
1968;3.2593;-9.2290;0.0000;0.1695;-2.7983;5.9033
1969;3.4997;-9.2288;0.0000;0.1501;-2.8097;6.6929
1970;3.7408;-9.2290;0.0000;0.1603;-2.8335;8.0302
1971;3.9806;-9.2294;0.0000;0.2076;-2.8863;6.4493
1972;4.2145;-9.2306;0.0000;0.2676;-2.9463;6.9493
1973;4.4222;-9.2305;0.0000;0.5007;-2.9801;7.2900
1974;-4.1454;-9.4295;0.0000;0.4988;-2.7969;4.2791
1975;-3.9163;-9.4282;0.0000;0.2447;-2.7579;4.1654
1976;-3.6843;-9.4288;0.0000;0.2020;-2.7663;4.1829
1977;-3.4471;-9.4293;0.0000;0.2523;-2.8131;4.4304
1978;-3.2065;-9.4296;0.0000;0.1791;-2.8493;4.8215
1979;-2.9653;-9.4300;0.0000;0.1085;-2.8197;4.3360
1980;-2.7259;-9.4307;0.0000;0.1673;-2.8033;3.8823
1981;-2.4922;-9.4320;0.0000;0.1483;-2.8179;4.3788
1982;-2.2709;-9.4361;0.0000;0.1173;-2.7934;4.7174
1983;-2.0747;-9.4559;0.0000;0.2071;-2.7538;4.4147
1984;2.4854;-9.4263;0.0000;0.3737;-2.7952;3.6387
1985;2.6838;-9.4352;0.0000;0.3033;-2.8130;4.5472
1986;2.9062;-9.4350;0.0000;0.1675;-2.8453;5.6238
1987;3.1398;-9.4341;0.0000;0.1601;-2.8222;5.6255
1988;3.3786;-9.4336;0.0000;0.1669;-2.8349;6.4143
1989;3.6200;-9.4333;0.0000;0.1842;-2.8798;7.5429
1990;3.8622;-9.4333;0.0000;0.1717;-2.9081;7.3285
1991;4.1056;-9.4343;0.0000;0.2235;-2.9116;6.2003
1992;4.3560;-9.4443;0.0000;0.4187;-2.9264;7.0486
1993;-4.2343;-9.6262;0.0000;0.5828;-2.7528;4.2940
1994;-4.0224;-9.6310;0.0000;0.3381;-2.7770;4.1732
1995;-3.7986;-9.6334;0.0000;0.2336;-2.7903;4.5341
1996;-3.5655;-9.6339;0.0000;0.2395;-2.8203;4.8871
1997;-3.3268;-9.6340;0.0000;0.1794;-2.8435;4.7205
1998;-3.0860;-9.6343;0.0000;0.1213;-2.8220;4.3591
1999;-2.8451;-9.6351;0.0000;0.1794;-2.7821;3.8154
2000;-2.6066;-9.6364;0.0000;0.1691;-2.8043;4.0507
2001;-2.3736;-9.6393;0.0000;0.0931;-2.8154;4.9628
2002;-2.1435;-9.6491;0.0000;0.1861;-2.7778;4.9584
2003;2.5438;-9.6373;0.0000;0.4255;-2.6740;4.4344
2004;2.7820;-9.6397;0.0000;0.2016;-2.7998;5.1024
2005;3.0186;-9.6390;0.0000;0.1547;-2.7780;5.5556
2006;3.2574;-9.6384;0.0000;0.1730;-2.7834;5.7883
2007;3.4982;-9.6380;0.0000;0.2176;-2.8048;6.9558
2008;3.7394;-9.6378;0.0000;0.2028;-2.8031;7.1164
2009;3.9781;-9.6382;0.0000;0.1913;-2.7701;6.9024
2010;4.2092;-9.6424;0.0000;0.2527;-2.7573;6.9007
2011;4.4180;-9.6651;0.0000;0.4109;-2.7804;7.0398
2012;-4.1423;-9.8286;0.0000;0.4665;-2.6250;4.3902
2013;-3.9148;-9.8371;0.0000;0.3192;-2.6354;4.5770
2014;-3.6835;-9.8387;0.0000;0.2457;-2.6466;4.6391
2015;-3.4467;-9.8389;0.0000;0.1605;-2.6659;4.4952
2016;-3.2070;-9.8390;0.0000;0.1019;-2.6623;4.2467
2017;-2.9656;-9.8397;0.0000;0.2073;-2.6919;3.9777
2018;-2.7255;-9.8407;0.0000;0.2159;-2.7455;4.0980
2019;-2.4905;-9.8423;0.0000;0.1150;-2.7646;4.5061
2020;-2.2642;-9.8455;0.0000;0.1235;-2.7703;4.9589
2021;-2.0480;-9.8538;0.0000;0.2396;-2.7817;4.8465
2022;2.4840;-9.8482;0.0000;0.4758;-2.6655;4.0424
2023;2.6800;-9.8451;0.0000;0.3163;-2.6929;4.8644
2024;2.9041;-9.8435;0.0000;0.1855;-2.7218;5.1251
2025;3.1383;-9.8433;0.0000;0.1966;-2.7171;5.6352
2026;3.3775;-9.8430;0.0000;0.2374;-2.7280;6.1680
2027;3.6188;-9.8428;0.0000;0.2196;-2.7328;6.5884
2028;3.8600;-9.8432;0.0000;0.1581;-2.7338;7.1378
2029;4.1000;-9.8457;0.0000;0.2266;-2.7199;6.9523
2030;4.3421;-9.8564;0.0000;0.3338;-2.6911;7.2122
2031;-4.2109;-10.0241;0.0000;0.5545;-2.5369;4.9392
2032;-4.0174;-10.0406;0.0000;0.3305;-2.5531;4.6339
2033;-3.7974;-10.0444;0.0000;0.2947;-2.5290;4.7458
2034;-3.5653;-10.0445;0.0000;0.1894;-2.5190;4.4707
2035;-3.3272;-10.0443;0.0000;0.0717;-2.5657;4.4265
2036;-3.0866;-10.0446;0.0000;0.1584;-2.6340;4.0472
2037;-2.8453;-10.0451;0.0000;0.2480;-2.6575;4.3298
2038;-2.6061;-10.0463;0.0000;0.1918;-2.6407;4.7437
2039;-2.3715;-10.0483;0.0000;0.1629;-2.6449;4.6492
2040;-2.1387;-10.0479;0.0000;0.1760;-2.6949;4.7380
2041;2.5482;-10.0597;0.0000;0.3827;-2.7037;4.3377
2042;2.7845;-10.0484;0.0000;0.2799;-2.6141;4.8959
2043;3.0193;-10.0480;0.0000;0.2100;-2.6357;5.3176
2044;3.2572;-10.0480;0.0000;0.2224;-2.6300;5.9261
2045;3.4978;-10.0478;0.0000;0.2393;-2.6447;6.7738
2046;3.7390;-10.0480;0.0000;0.1513;-2.6692;7.1400
2047;3.9785;-10.0489;0.0000;0.1601;-2.6828;6.8136
2048;4.2143;-10.0523;0.0000;0.2436;-2.6677;6.6194
2049;4.4441;-10.0604;0.0000;0.3373;-2.6344;6.9917
2050;-4.1547;-10.2405;0.0000;0.4724;-2.5659;4.7038
2051;-3.9204;-10.2485;0.0000;0.3028;-2.5557;4.6864
2052;-3.6857;-10.2499;0.0000;0.2026;-2.5651;4.7384
2053;-3.4479;-10.2497;0.0000;0.1242;-2.5446;4.7170
2054;-3.2076;-10.2495;0.0000;0.1386;-2.5420;4.6592
2055;-2.9659;-10.2498;0.0000;0.2105;-2.5410;4.7581
2056;-2.7256;-10.2510;0.0000;0.2078;-2.4961;4.4851
2057;-2.4900;-10.2527;0.0000;0.2013;-2.4661;4.2222
2058;-2.2641;-10.2551;0.0000;0.2077;-2.5021;4.4471
2059;-2.0628;-10.2457;0.0000;0.1851;-2.5764;4.6999
2060;2.4937;-10.2788;0.0000;0.4032;-2.5767;4.0359
2061;2.6899;-10.2541;0.0000;0.3003;-2.5592;4.5564
2062;2.9084;-10.2531;0.0000;0.1977;-2.5253;4.8093
2063;3.1396;-10.2533;0.0000;0.1972;-2.5534;5.5735
2064;3.3775;-10.2532;0.0000;0.2329;-2.5722;6.5569
2065;3.6184;-10.2530;0.0000;0.1829;-2.5904;7.1605
2066;3.8597;-10.2535;0.0000;0.1319;-2.5850;6.8775
2067;4.1008;-10.2550;0.0000;0.2037;-2.5749;6.5411
2068;4.3449;-10.2543;0.0000;0.2992;-2.5973;6.4458
2069;-4.2157;-10.4482;0.0000;0.4534;-2.5295;4.6767
2070;-4.0218;-10.4530;0.0000;0.3115;-2.5162;4.7052
2071;-3.7999;-10.4544;0.0000;0.2255;-2.5426;4.7542
2072;-3.5667;-10.4548;0.0000;0.1480;-2.5285;4.3281
2073;-3.3280;-10.4549;0.0000;0.1588;-2.4545;4.1479
2074;-3.0868;-10.4551;0.0000;0.1868;-2.3771;4.3233
2075;-2.8451;-10.4557;0.0000;0.1761;-2.3842;4.6400
2076;-2.6041;-10.4569;0.0000;0.2219;-2.4155;4.7148
2077;-2.3638;-10.4581;0.0000;0.2324;-2.4004;4.5643
2078;-2.1168;-10.4599;0.0000;0.1730;-2.3775;4.5621
2079;2.5717;-10.4599;0.0000;0.4204;-2.4200;3.9046
2080;2.7941;-10.4596;0.0000;0.2137;-2.4646;4.9440
2081;3.0223;-10.4593;0.0000;0.1851;-2.5162;5.4169
2082;3.2576;-10.4588;0.0000;0.2124;-2.5550;6.2642
2083;3.4973;-10.4584;0.0000;0.2037;-2.5680;6.7371
2084;3.7384;-10.4585;0.0000;0.1492;-2.5574;6.7988
2085;3.9780;-10.4597;0.0000;0.1502;-2.5462;6.3320
2086;4.2122;-10.4619;0.0000;0.2250;-2.5606;6.8613
2087;4.4255;-10.4494;0.0000;0.3479;-2.5826;6.9786
2088;-4.1536;-10.6626;0.0000;0.3548;-2.5355;4.5709
2089;-3.9200;-10.6593;0.0000;0.2789;-2.5717;4.5879
2090;-3.6858;-10.6598;0.0000;0.1816;-2.5467;4.6015
2091;-3.4483;-10.6602;0.0000;0.1544;-2.4666;4.4593
2092;-3.2078;-10.6606;0.0000;0.1874;-2.4022;4.1632
2093;-2.9661;-10.6611;0.0000;0.1436;-2.3547;4.1645
2094;-2.7256;-10.6617;0.0000;0.1742;-2.3310;4.2708
2095;-2.4886;-10.6621;0.0000;0.2297;-2.3753;4.4103
2096;-2.2604;-10.6618;0.0000;0.2259;-2.3972;3.9764
2097;-2.0536;-10.6805;0.0000;0.1514;-2.3776;4.1470
2098;2.4957;-10.6415;0.0000;0.4592;-2.3455;3.6811
2099;2.6915;-10.6652;0.0000;0.3284;-2.4208;4.5582
2100;2.9088;-10.6659;0.0000;0.1771;-2.4880;5.2388
2101;3.1395;-10.6649;0.0000;0.2176;-2.5201;5.8303
2102;3.3771;-10.6640;0.0000;0.1945;-2.5336;6.6194
2103;3.6180;-10.6636;0.0000;0.1681;-2.5362;6.8609
2104;3.8611;-10.6639;0.0000;0.1770;-2.5347;6.7021
2105;4.1076;-10.6646;0.0000;0.1911;-2.5345;6.9064
2106;4.3660;-10.6650;0.0000;0.2604;-2.5464;7.5026
2107;-4.2060;-10.8775;0.0000;0.3291;-2.5871;4.6277
2108;-4.0149;-10.8654;0.0000;0.2503;-2.6268;4.6990
2109;-3.7969;-10.8645;0.0000;0.2128;-2.5976;4.3731
2110;-3.5657;-10.8652;0.0000;0.1769;-2.5117;4.2647
2111;-3.3279;-10.8659;0.0000;0.1680;-2.4417;4.1177
2112;-3.0870;-10.8664;0.0000;0.1614;-2.4118;4.1426
2113;-2.8455;-10.8671;0.0000;0.1437;-2.3486;4.5547
2114;-2.6054;-10.8679;0.0000;0.1877;-2.3104;4.5849
2115;-2.3686;-10.8678;0.0000;0.2326;-2.3736;4.2157
2116;-2.1332;-10.8694;0.0000;0.1831;-2.4564;3.5652
2117;2.5514;-10.8600;0.0000;0.4343;-2.3798;3.3644
2118;2.7854;-10.8711;0.0000;0.2128;-2.3945;4.4055
2119;3.0187;-10.8710;0.0000;0.2107;-2.4386;5.2104
2120;3.2560;-10.8699;0.0000;0.2424;-2.4550;6.1592
2121;3.4965;-10.8691;0.0000;0.2252;-2.4468;5.8596
2122;3.7382;-10.8688;0.0000;0.1910;-2.4552;6.0984
2123;3.9792;-10.8688;0.0000;0.1844;-2.4743;6.3556
2124;4.2158;-10.8678;0.0000;0.1884;-2.4906;7.5258
2125;4.4344;-10.8849;0.0000;0.2255;-2.4826;7.5192
2126;-4.1363;-11.0750;0.0000;0.2600;-2.5649;4.9055
2127;-3.9121;-11.0705;0.0000;0.2209;-2.5203;4.5822
2128;-3.6830;-11.0706;0.0000;0.1829;-2.4652;4.2642
2129;-3.4473;-11.0713;0.0000;0.1751;-2.4554;3.9663
2130;-3.2076;-11.0717;0.0000;0.1816;-2.4228;3.8023
2131;-2.9662;-11.0724;0.0000;0.1586;-2.3676;4.3215
2132;-2.7253;-11.0733;0.0000;0.1580;-2.3590;4.2787
2133;-2.4880;-11.0735;0.0000;0.1931;-2.3736;4.5472
2134;-2.2573;-11.0714;0.0000;0.1918;-2.3907;4.3618
2135;-2.0347;-11.0585;0.0000;0.1700;-2.4149;4.0166
2136;2.4894;-11.0729;0.0000;0.4868;-2.3846;3.7738
2137;2.6821;-11.0747;0.0000;0.3272;-2.3542;3.7384
2138;2.9037;-11.0764;0.0000;0.1967;-2.3431;4.5258
2139;3.1370;-11.0758;0.0000;0.2584;-2.3419;5.1426
2140;3.3756;-11.0750;0.0000;0.2224;-2.3392;5.6317
2141;3.6171;-11.0746;0.0000;0.1904;-2.3551;5.9939
2142;3.8597;-11.0746;0.0000;0.1794;-2.4045;6.2686
2143;4.1030;-11.0751;0.0000;0.1983;-2.4524;7.0722
2144;4.3484;-11.0760;0.0000;0.2271;-2.4742;7.0424
2145;-4.2224;-11.2757;0.0000;0.2433;-2.5719;4.3053
2146;-4.0159;-11.2748;0.0000;0.2377;-2.4579;3.9703
2147;-3.7958;-11.2762;0.0000;0.1826;-2.4093;4.0774
2148;-3.5651;-11.2767;0.0000;0.1603;-2.4546;4.3653
2149;-3.3277;-11.2770;0.0000;0.1981;-2.4923;4.3683
2150;-3.0869;-11.2777;0.0000;0.1704;-2.4679;4.0774
2151;-2.8454;-11.2785;0.0000;0.1484;-2.4356;4.1487
2152;-2.6051;-11.2792;0.0000;0.1844;-2.4348;4.6251
2153;-2.3674;-11.2778;0.0000;0.2006;-2.4283;4.8416
2154;-2.1299;-11.2656;0.0000;0.1611;-2.3817;4.6719
2155;2.5489;-11.2831;0.0000;0.4459;-2.4196;3.7025
2156;2.7829;-11.2812;0.0000;0.2825;-2.3871;4.2117
2157;3.0172;-11.2815;0.0000;0.2560;-2.3276;5.1654
2158;3.2552;-11.2810;0.0000;0.2284;-2.3543;5.3841
2159;3.4958;-11.2806;0.0000;0.1697;-2.3924;6.0573
2160;3.7378;-11.2802;0.0000;0.1792;-2.4256;6.9366
2161;3.9804;-11.2806;0.0000;0.2001;-2.4939;7.0166
2162;4.2209;-11.2823;0.0000;0.2035;-2.5471;7.2283
2163;4.4514;-11.2677;0.0000;0.2246;-2.5506;6.8574
2164;-4.1333;-11.4739;0.0000;0.2242;-2.5645;4.2301
2165;-3.9108;-11.4810;0.0000;0.2231;-2.5242;4.0569
2166;-3.6824;-11.4823;0.0000;0.1927;-2.5379;4.6028
2167;-3.4471;-11.4824;0.0000;0.2108;-2.5802;5.1378
2168;-3.2075;-11.4827;0.0000;0.1876;-2.6245;4.9576
2169;-2.9662;-11.4835;0.0000;0.1475;-2.6145;4.0569
2170;-2.7253;-11.4846;0.0000;0.1743;-2.5724;4.4108
2171;-2.4877;-11.4849;0.0000;0.2116;-2.5429;4.7524
2172;-2.2589;-11.4804;0.0000;0.1663;-2.5035;4.5661
2173;-2.0536;-11.4554;0.0000;0.1521;-2.4758;4.4545
2174;2.4959;-11.4952;0.0000;0.3640;-2.5405;3.8443
2175;2.6874;-11.4868;0.0000;0.3315;-2.5292;3.9934
2176;2.9057;-11.4866;0.0000;0.2578;-2.4915;4.7730
2177;3.1372;-11.4867;0.0000;0.2362;-2.5014;5.2962
2178;3.3754;-11.4861;0.0000;0.2022;-2.5187;5.6422
2179;3.6169;-11.4858;0.0000;0.1794;-2.5311;6.2892
2180;3.8605;-11.4856;0.0000;0.2257;-2.5836;6.6334
2181;4.1070;-11.4861;0.0000;0.2144;-2.6403;7.0446
2182;4.3604;-11.4871;0.0000;0.1883;-2.6499;6.8281
2183;-4.2010;-11.6707;0.0000;0.2447;-2.6537;4.2463
2184;-4.0119;-11.6843;0.0000;0.1963;-2.6470;4.2222
2185;-3.7954;-11.6877;0.0000;0.1890;-2.6084;4.2800
2186;-3.5652;-11.6878;0.0000;0.1969;-2.5675;4.7200
2187;-3.3278;-11.6876;0.0000;0.1923;-2.5844;4.5092
2188;-3.0870;-11.6880;0.0000;0.1827;-2.6164;4.6737
2189;-2.8449;-11.6891;0.0000;0.1695;-2.6192;4.2423
2190;-2.6028;-11.6900;0.0000;0.1858;-2.5842;4.2445
2191;-2.3599;-11.6890;0.0000;0.1959;-2.5231;4.6754
2192;-2.1115;-11.6766;0.0000;0.1330;-2.5022;4.5700
2193;2.5660;-11.6939;0.0000;0.2904;-2.3814;3.8355
2194;2.7902;-11.6922;0.0000;0.2990;-2.5226;4.1321
2195;3.0196;-11.6921;0.0000;0.2385;-2.5574;4.9969
2196;3.2553;-11.6916;0.0000;0.2055;-2.5661;5.6702
2197;3.4954;-11.6912;0.0000;0.1935;-2.5675;6.0262
2198;3.7376;-11.6908;0.0000;0.2099;-2.5764;6.6649
2199;3.9810;-11.6906;0.0000;0.2570;-2.5849;6.6807
2200;4.2231;-11.6910;0.0000;0.2367;-2.5927;6.8596
2201;4.4549;-11.7086;0.0000;0.2141;-2.6149;7.2686
2202;-4.1455;-11.8846;0.0000;0.2499;-2.6048;4.3412
2203;-3.9163;-11.8919;0.0000;0.1994;-2.6005;4.5118
2204;-3.6848;-11.8936;0.0000;0.1564;-2.5781;4.4764
2205;-3.4481;-11.8933;0.0000;0.1511;-2.5524;4.2419
2206;-3.2080;-11.8931;0.0000;0.1703;-2.5601;4.2362
2207;-2.9661;-11.8937;0.0000;0.1938;-2.5751;4.4934
2208;-2.7242;-11.8947;0.0000;0.1367;-2.5151;4.3421
2209;-2.4841;-11.8950;0.0000;0.1938;-2.4521;4.2826
2210;-2.2499;-11.8931;0.0000;0.2055;-2.4382;4.6247
2211;-2.0425;-11.8895;0.0000;0.1179;-2.4240;4.6185
2212;2.4802;-11.8912;0.0000;0.1694;-2.1209;3.9344
2213;2.6862;-11.8956;0.0000;0.2408;-2.2536;4.1142
2214;2.9059;-11.8976;0.0000;0.2676;-2.3424;4.6605
2215;3.1371;-11.8973;0.0000;0.2272;-2.3590;5.3933
2216;3.3749;-11.8966;0.0000;0.2320;-2.4282;6.0442
2217;3.6164;-11.8965;0.0000;0.2155;-2.4711;6.3473
2218;3.8598;-11.8964;0.0000;0.2346;-2.4382;7.0411
2219;4.1050;-11.8970;0.0000;0.2607;-2.4137;7.2568
2220;4.3537;-11.8995;0.0000;0.2669;-2.4361;7.2367
2221;-4.2049;-12.0910;0.0000;0.2586;-2.5607;4.5591
2222;-4.0163;-12.0972;0.0000;0.2257;-2.6112;4.6220
2223;-3.7988;-12.0996;0.0000;0.1533;-2.6805;4.7603
2224;-3.5673;-12.0988;0.0000;0.0920;-2.6618;4.2222
2225;-3.3290;-12.0980;0.0000;0.1015;-2.5751;4.1054
2226;-3.0876;-12.0979;0.0000;0.2017;-2.5247;4.2953
2227;-2.8445;-12.0988;0.0000;0.2075;-2.4989;4.5529
2228;-2.6013;-12.1000;0.0000;0.1362;-2.4704;4.6374
2229;-2.3565;-12.0997;0.0000;0.1886;-2.4574;4.4497
2230;-2.1035;-12.1026;0.0000;0.1789;-2.4728;4.5346
2231;2.5683;-12.0942;0.0000;0.2106;-2.4005;4.1798
2232;2.7899;-12.1030;0.0000;0.2665;-2.3850;4.4851
2233;3.0190;-12.1035;0.0000;0.2650;-2.4010;4.7769
2234;3.2549;-12.1029;0.0000;0.1930;-2.3921;5.1129
2235;3.4950;-12.1024;0.0000;0.2286;-2.3992;5.5262
2236;3.7373;-12.1027;0.0000;0.2569;-2.4446;6.3815
2237;3.9799;-12.1040;0.0000;0.2459;-2.4558;7.3150
2238;4.2186;-12.1070;0.0000;0.2392;-2.4367;7.2222
2239;4.4412;-12.0932;0.0000;0.2635;-2.4121;7.2730
2240;-4.1522;-12.3049;0.0000;0.2120;-2.6078;4.7104
2241;-3.9260;-12.3072;0.0000;0.1557;-2.6825;4.4020
2242;-3.6913;-12.3041;0.0000;0.1123;-2.6894;4.5297
2243;-3.4513;-12.3018;0.0000;0.0963;-2.6160;4.4204
2244;-3.2095;-12.3012;0.0000;0.0941;-2.5295;4.1960
2245;-2.9669;-12.3016;0.0000;0.2107;-2.5211;4.4602
2246;-2.7242;-12.3026;0.0000;0.2059;-2.5833;4.4475
2247;-2.4836;-12.3041;0.0000;0.1418;-2.5705;4.5722
2248;-2.2521;-12.3054;0.0000;0.2024;-2.5045;4.8906
2249;-2.0397;-12.3193;0.0000;0.1761;-2.4530;4.7542
2250;2.4977;-12.2912;0.0000;0.2586;-2.7412;3.5700
2251;2.6816;-12.3077;0.0000;0.3016;-2.4302;3.9458
2252;2.9007;-12.3085;0.0000;0.2031;-2.2692;4.7489
2253;3.1340;-12.3079;0.0000;0.2333;-2.4034;5.0516
2254;3.3728;-12.3081;0.0000;0.1768;-2.4673;5.1531
2255;3.6151;-12.3084;0.0000;0.1965;-2.4353;5.7918
2256;3.8604;-12.3093;0.0000;0.2700;-2.4574;6.9755
2257;4.1102;-12.3114;0.0000;0.2471;-2.5508;6.8565
2258;4.3733;-12.3108;0.0000;0.2353;-2.5537;6.9707
2259;-4.0785;-12.5055;0.0000;0.1573;-2.5921;4.3950
2260;-3.8262;-12.5063;0.0000;0.1240;-2.5954;4.4427
2261;-3.5776;-12.5005;0.0000;0.1219;-2.6153;4.3801
2262;-3.3325;-12.4994;0.0000;0.1007;-2.6077;4.2542
2263;-3.0888;-12.4996;0.0000;0.1150;-2.5978;4.2012
2264;-2.8452;-12.5003;0.0000;0.2003;-2.5913;4.1763
2265;-2.6015;-12.5023;0.0000;0.1755;-2.5643;4.4361
2266;-2.3573;-12.5095;0.0000;0.1438;-2.5189;4.7988
2267;-2.1159;-12.5151;0.0000;0.1992;-2.4501;4.2126
2268;-4.1804;-12.7060;0.0000;0.1546;-2.4567;3.9738
2269;-3.9563;-12.7077;0.0000;0.1460;-2.4276;4.3010
2270;-3.7041;-12.6899;0.0000;0.0895;-2.4913;4.4099
2271;-3.4561;-12.6879;0.0000;0.1180;-2.5486;4.0297
2272;-3.2109;-12.6884;0.0000;0.1254;-2.5559;4.1234
2273;-2.9670;-12.6894;0.0000;0.1090;-2.5602;4.1964
2274;-2.7231;-12.6910;0.0000;0.1826;-2.5506;4.1597
2275;-2.4779;-12.6953;0.0000;0.1466;-2.5123;4.6483
2276;-2.2324;-12.7179;0.0000;0.1579;-2.4580;4.6146
2277;-2.0170;-12.7169;0.0000;0.2200;-2.4500;4.4987
2278;-4.1013;-12.9344;0.0000;0.1374;-2.3044;3.9488
2279;-3.8329;-12.8662;0.0000;0.1037;-2.3272;3.7148
2280;-3.5797;-12.8618;0.0000;0.0629;-2.4001;3.5844
2281;-3.3331;-12.8636;0.0000;0.1909;-2.4216;4.0035
2282;-3.0882;-12.8652;0.0000;0.1029;-2.4380;4.5267
2283;-2.8446;-12.8666;0.0000;0.1010;-2.5265;4.4742
2284;-2.5998;-12.8684;0.0000;0.2219;-2.5438;4.6592
2285;-2.3496;-12.8774;0.0000;0.1636;-2.4626;4.8723
2286;-2.0892;-12.9516;0.0000;0.1766;-2.4460;4.9694
2287;-3.9269;-13.0308;0.0000;0.1206;-2.2452;3.9234
2288;-3.6938;-13.0218;0.0000;0.0447;-2.2533;3.8447
2289;-3.4528;-13.0243;0.0000;0.1251;-2.2616;4.1299
2290;-3.2093;-13.0271;0.0000;0.1744;-2.2621;4.1465
2291;-2.9662;-13.0293;0.0000;0.0535;-2.3053;4.4322
2292;-2.7240;-13.0313;0.0000;0.1659;-2.3670;4.3346
2293;-2.4846;-13.0341;0.0000;0.2309;-2.3821;4.3325
2294;-2.2558;-13.0503;0.0000;0.2053;-2.4266;4.5617
